代碼,商品,漲幅%,產業地位,細產業,股本,市值
1101,台泥,1.6,台灣最大水泥廠,水泥,752.32,1910.9
1102,亞泥,-0.86,台灣前二大水泥廠,水泥,354.66,1228.9
1103,嘉泥,0.37,主要從事水泥通路貿易,水泥,79.02,106.3
1104,環泥,0,台灣最大石膏板供應商,預拌混凝土,68.67,194.3
1108,幸福,0.34,台灣第三大水泥廠,水泥,40.47,59.1
1109,信大,0.65,銷售市場以台北、宜蘭、基隆、桃園等為主,水泥,34.12,52.9
1110,東泥,2.33,台灣中南部市場水泥供應商,水泥,57.2,87.8
1201,味全,-1.21,老牌綜合食品大廠,乳製品,50.61,62
1203,味王,0,老牌食品廠,調味品,24,105.6
1210,大成,-1.13,白肉雞電宰加工廠及飼料大廠,飼料,89.48,468
1213,大飲,2.86,產品以蘋果西打為主,非酒精飲料,5.66,5.1
1215,卜蜂,-0.75,台灣白肉雞供應商及飼料大廠,肉品加工,29.48,392.1
1216,統一,0.96,台灣食品業龍頭廠之一,乳製品,568.2,4199
1217,愛之味,-0.31,以飲料、傳統類罐頭為主的食品商,非酒精飲料,49.45,47.6
1218,泰山,0.26,台灣油脂、飲料大廠,油脂,50,95.7
1219,福壽,-0.75,台灣知名農糧油脂、寵物飼料大廠,飼料,34.12,45.4
1220,台榮,0.82,台灣知名果糖大廠，並生產飼料及水產品,飼料,17.71,21.9
1225,福懋油,0.16,台灣油脂、飼料大廠,油脂,24.23,77.6
1227,佳格,-0.69,台灣最大穀物營養品與油品供應商,油脂,91.51,264
1229,聯華,-2.49,聯華神通集團之創始公司，是台灣麵粉品牌龍頭企業,麵粉,179.6,738.1
1231,聯華食,0.58,台灣休閒食品大廠，並供應7-11鮮食產品,調理食品,29.85,259.7
1232,大統益,0,台灣最大黃豆加工製造廠，是豆粉與油脂製造龍頭,油脂,16,236.8
1233,天仁,-0.17,台灣知名茶葉廠並轉投資喫茶趣,茶葉相關,9.06,26
1234,黑松,-0.43,主要從事黑松品牌飲料製造及酒品代理,非酒精飲料,40.19,140.9
1235,興泰,-2.18,生產畜產及水產類飼料之廠商,飼料,18.86,84.5
1236,宏亞,0.19,旗下七七巧克力與禮坊喜餅為知名品牌,可可製品,8.67,22.9
1256,鮮活果汁-KY,0.57,大陸新茶飲上游原料供應商,非酒精飲料,3.58,63.3
1702,南僑,-0.58,台灣最大烘焙用油脂廠，轉投資餐飲事業眾多品牌,油脂,29.41,100.4
1737,臺鹽,0,台灣最大製鹽商，並跨足生技及水產品,製鹽業,20,63.1
3054,立萬利,-1.14,生技保健相關產品之銷售廠商,食品生技,8.07,56.1
7780,大研生醫*,-0.8,尚凡旗下子公司，以生產保健食品為主,食品生技,8.1,149.9
7791,皇家可口,-1.09,南僑旗下冰品大廠,乳製品,8,51
1264,德麥,0,台灣最大烘焙原物料供應商,食品飲料相關通路,3.71,100.6
1294,漢田生技,1.54,台灣知名的液劑、晶凍保健食品代工廠,食品生技,3.06,24.2
1295,生合,-0.74,台灣專精乳酸菌研發與生產製造商,食品生技,3.45,18.5
1796,金穎生技,-0.53,為醱酵原料及保健品廠商,食品生技,4.15,15.5
4205,中華食,-0.14,中華豆腐及豆花製造廠,食品加工,9.76,72.2
4207,環泰,3.35,台灣三大果糖廠之一,製糖,19.85,36.7
6846,綠茵,1.3,台灣保健食品原料製造商,食品生技,2.71,19
7743,金利食安,0,冷壓蔬果汁供應商,非酒精飲料,3.65,7.3
1301,台塑,1.44,台灣最大塑化集團，亞洲最大PVC生產商,PVC,636.57,3135.1
1303,南亞,3.27,全球最大的塑膠加工廠、第四大EG廠,塑膠加工,793.08,7256.7
1304,台聚,2.76,台灣EVA、PE知名廠商,PE,118.88,155.1
1305,華夏,4.71,台灣第二大PVC廠，轉投資台氯,PVC,58.11,77.6
1307,三芳,0.78,全球最大的合成皮生產商,塑膠皮布,39.78,129.1
1308,亞聚,1.87,台聚轉投資之EVA及LDPE知名廠商,EVA,59.37,81
1309,台達化,0.3,台灣第三大PS廠,PS,39.76,67.2
1310,台苯,0.12,台灣第三大SM廠,SM,52.79,45.6
1312,國喬,1.72,台灣第二大SM及ABS廠,SM,110.66,130.6
1313,聯成,1.35,全球最大可塑劑及苯酐供應商,DOP,133.08,149.7
1314,中石化,-0.7,台灣第一大CPL廠,CPL,378.49,268.3
1315,達新,0,台灣知名雨衣及成衣製造商,塑膠加工,9.91,61.2
1321,大洋,0.17,台灣第三大PVC廠，並有資產開發題材,PVC,22.72,67.3
1323,永裕,2.6,台灣知名的塑膠瓶及軟管製造商,塑膠加工,9.13,18
1324,地球,0,台灣主要PVC膠帶供應商,膠帶,7.51,7.7
1325,恆大,1.28,台灣最大的紡結不織布生產廠,不織布,8.53,23.6
1326,台化,1.81,台灣最大的PTA廠,PTA,586.12,2801.6
1337,再生-KY,-2.2,大陸第一大EVA發泡材商,塑膠加工,26.9,13.2
1340,勝悅-KY,-1.78,第三方物流承租收入及旅館事業,鞋材,15.29,8.5
1341,富林-KY,-1.13,越南第一大PVC人造皮革生產商,塑膠皮布,5.29,32.4
4306,炎洲,1.52,台灣膠帶龍頭公司,膠帶,67.68,90.3
4303,信立,-0.57,台灣知名PU合成皮及PVC皮廠商,塑膠皮布,9.46,49.2
4304,勝昱,2,台灣EMI電磁波屏隔材料第一大廠,塑膠加工,6.1,18.7
4305,世坤,-0.46,專業PVC軟質膠布廠,塑膠皮布,5.5,24
9950,萬國通,1.42,台灣最大旅行箱製造商,手提箱,16.77,17.9
1402,遠東新,0.96,全球前五大聚酯製造商，集團轉投資橫跨領域廣,聚酯粒,535.29,1410.5
1409,新纖,2.38,新光集團旗下，台灣知名化纖廠,聚酯粒,161.84,278.4
1410,南染,-0.36,轉型為不動產租賃業務,物業投資發展,6.2,17.1
1413,宏洲,-0.21,宜進入主，聚酯粒、聚酯絲與加工絲一貫廠,聚酯絲,13.21,9.8
1414,東和,0.31,棉混紡紗大廠,混紡紗,19.8,32.2
1417,嘉裕,-0.46,裕隆集團旗下，台灣知名男性西服供應商,成衣銷售／零售,18.99,16.5
1418,東華,-1.57,台灣老牌的亞克力棉製造商,亞克力棉,5.68,8.8
1419,新紡,-0.31,新光集團旗下，平織布生產商，士林三寶之一,織布業,30,192.3
1423,利華,-0.73,台灣第一大的專業毛條生產商,毛紡,9.96,40.4
1434,福懋,0.32,台塑集團旗下，台灣知名輪胎簾布製造商,尼龍製品,168.47,267.9
1440,南紡,-0.82,台灣最大的聚酯棉與紡紗廠，並經營夢時代購物中心,聚酯棉,165.68,201.3
1441,大東,0.92,台灣主要棉紡生產企業,棉紡業,7.17,6.3
1444,力麗,-0.67,台灣聚酯加工絲龍頭廠,聚酯加工絲,99.56,59.3
1445,大宇,-1.57,台灣專業的織布廠,織布業,13.07,16.3
1446,宏和,-1.27,台灣知名的長短纖布廠,織布業,13.77,21.5
1447,力鵬,0.2,力麗集團旗下，台灣知名尼龍粒大廠,尼龍粒,91.01,45.1
1449,佳和,9.65,織布生產商，產品為先染及長纖織物,織布業,12.71,18.1
1451,年興,0.3,全球最大的牛仔成衣廠,成衣製造,19.8,33.2
1452,宏益,-1.34,台灣專業的加工絲一貫廠,聚酯加工絲,13.26,14.7
1454,台富,-2.85,台灣加工絲、織布一貫廠,織布業,12.98,17.7
1455,集盛,0.62,台灣前三大尼龍粒廠商及前四大聚酯加工絲廠,尼龍粒,53.17,43.2
1457,宜進,-0.34,台灣前五大加工絲廠之一,聚酯加工絲,31.67,45.8
1459,聯發,0.42,台灣十大聚酯加工絲廠之一,聚酯加工絲,35.86,42.9
1460,宏遠,-0.83,遠東集團旗下，是一家長短織一貫布廠,織布業,69.46,49.9
1463,強盛新,0,台灣專業的染整廠之一,染整,17.33,31.6
1464,得力,0.5,台灣老牌織染一貫化布廠,織布業,42.56,42.8
1465,偉全,-1.22,台灣專業的長纖布廠,織布業,10.36,12.6
1466,聚隆,1.6,台灣前二大的尼龍加工絲廠之一,尼龍絲,11.12,17.6
1467,南緯,0.28,為品牌大廠代工及與Wal-mart合作的成衣廠,成衣製造,23.36,12
1468,昶和,0,尼龍長織布廠,織布業,16.04,20
1470,大統新創,-1.33,台灣知名的染整廠，並跨足機能布,染整,8.58,19.1
1473,台南,0.73,台灣前三大成衣製造商，在大陸有Tony wear自有品牌,成衣製造,14.62,30.4
1474,弘裕,-0.8,台灣最大的工業用布廠,工業紡織品,12.99,13
1475,業旺,-0.18,台灣紡織助染劑廠,染料，顏料,6.6,18.3
1476,儒鴻,0.44,台灣最大針織布及前二大成衣代工廠,成衣製造,27.44,947.9
1477,聚陽,-1.58,全球前五大、台灣第一大成衣代工廠,成衣製造,24.67,537.8
4414,如興,-0.2,國內知名成衣代工製造商,成衣製造,26.38,26.3
4426,利勤,-0.5,3D立體織物之專業生產商,織布業,17.27,13.8
4438,廣越,2.74,為國際知名運動品牌之羽絨服製造商,成衣製造,11.34,67.9
4439,冠星-KY,-1.21,adidas運動服飾品牌最大的短纖布料供應商,織布業,3.81,37.3
4440,宜新實業,-0.83,國內市占第一的彈性包覆紗廠商,聚酯紗,6.76,12.1
4441,振大環球,3.33,主要為美系客戶代工生產成衣的廠商,成衣製造,6.82,137.4
4401,東隆興,0,亞洲最大的尼龍66線紗供應商,尼龍絲,12.27,17.2
4402,郡都開發,-0.36,經營紡織及太陽能電站業務,織布業,6.8,9.3
4406,新昕纖,-0.5,為特殊規格加工絲的中小型假撚廠,聚酯加工絲,5.19,5.2
4413,飛寶企業,0,主要經營長纖布業務,織布業,3.13,5.8
4417,金洲,0.76,全球第一大漁網生產商,魚網,8.4,39
4420,光明,1.92,宜進入主，經營功能性加工絲與環保訴求加工絲為主,聚酯加工絲,4.05,17.2
4432,銘旺實,-0.35,主要客戶為Adidas、Reebok等運動服大廠,成衣製造,5.06,7.1
4433,興采,1,首創環保咖啡紗的功能性布料領導商,織布業,6.13,12.4
4442,竣邦-KY,0,亞洲知名布料供應商,織布業,3.23,17.7
6506,雙邦,3.74,塗佈貼合加工及特用化學原料供應商,織布業,8.24,14.9
1503,士電,1.98,屬仰德集團，本業以電機相關產品為主，為士林三寶之一,電機,52.1,1075.8
1504,東元,-0.27,多角化經營的台灣老牌家電廠,電機,237.64,1725.3
1506,正道,2.38,台灣知名活塞與汽車鍛件製造商,轉向系統,30.04,17.7
1513,中興電,0.32,台灣知名重電及機電工程廠商,電機,50.31,797.4
1514,亞力,2.43,生產配電盤、電力變壓器為主的電機公司,電氣零件與設備,27.31,345.5
1515,力山,9.79,台灣知名健身器材代工廠,健身器材,18.15,43.7
1517,利奇,0.99,台灣老牌自行車零件廠,自行車零件,22,22.4
1519,華城,2.79,生產電力變壓器為主之重電廠,變電設備,31.59,2909.3
1526,日馳,0,全球知名的自行車內、外變速器製造商,自行車零件,6,9.4
1527,鑽全,0,台灣最大的釘槍代工大廠,電動工具,13.86,44.9
1528,恩德,-1.51,台灣生產PCB鑽孔機、成型機與木工機械廠商,木工機械,19.13,50
1529,樂事綠能,-1.97,以重電事業及太陽能光電業務為主,配電盤,15.51,34.8
1530,亞崴,1.53,台灣知名CNC加工機及龍門機製造商,工具機,9.46,25.2
1531,高林股,-0.77,全球前三大工業用縫紉機商 自有品牌SiRUBA,工業用縫紉機,18.21,23.5
1532,勤美,-0.24,事業涵蓋金屬成型、建設住宅、飯店、商場等領域,引擎相關,42.26,87.1
1535,中宇,-0.4,中鋼集團旗下，環保工程廠商,工程顧問,12.37,62
1537,廣隆,2.45,鉛酸蓄電池專業製造商,工業用電池,8.21,103
1538,正峰,-4.51,以生產電動工具機、汽車燈具為主的廠商,電動工具,3.23,3.8
1539,巨庭,-0.32,DIY鉋木機領導廠商,木工機械,6.54,10.3
1540,喬福,-0.48,台灣中大型工具機製造大廠，以客製化為主,工具機,8.55,17.8
1541,錩泰,-1.92,圓鋸機、線鋸機等桌上型木工機的代工廠商,木工機械,7.88,18.1
1558,伸興,0.99,全球最大家用縫紉機ODM廠,家用縫紉機,6.45,59.5
1560,中砂,9.97,台灣從事砂輪及再生晶圓生產製造廠商,磨料磨具,14.98,926.5
1583,程泰,3.16,台灣規模最大的專業CNC車床製造商,工具機,10.94,53.6
1590,亞德客-KY,2.99,大陸前三大氣動元件供應商之一,氣動元件,20,3100
1597,直得,5.2,全球知名的微型線性滑軌元件廠商,滑軌,8.93,162.5
2049,上銀,9.86,全球前三大滾珠螺桿廠商,滑軌,35.38,1241.8
2371,大同,0,台灣重電及家電大廠，並擁有土地資產,重電設備,215.08,657.1
3167,大量,6.43,全球PCB成型機龍頭廠,雷射鑽孔機、鑽頭,9.01,644.3
4526,東台,2.17,全球PCB鑽孔機的領導者,工具機,25.48,89.8
4532,瑞智,1.09,聲寶旗下，全球知名壓縮機廠,壓縮機,49.49,114.8
4540,全球傳動,1.31,台灣知名的精密滾珠螺桿廠,滑軌,11.52,80.1
4552,力達-KY,-0.74,大陸通用型空氣壓縮機品牌領導廠商,壓縮機,11.6,23.2
4555,氣立,0,台灣氣壓自動化零組件廠商,氣動元件,7,29.8
4560,強信-KY,0.43,全球工業縫紉機零配件大廠,工業用縫紉機,6.81,24.1
4562,穎漢,-1.33,全球第一大金屬彎管機製造商,工具機,8.75,32.6
4564,元翎,-1.94,全球前二大迷你高壓氣體鋼瓶製造廠,金屬加工／製品,23.28,41.1
4566,時碩工業,1.64,台灣精密金屬零件加工廠商,金屬加工／製品,11,75.1
4571,鈞興-KY,3.95,專業生產客製化齒輪廠商,機械零組件,5.3,104.7
4572,駐龍,-2.36,飛機機身結構件研製及銷售商,飛機零件／製造,4,57.8
4576,大銀微系統,9.87,全球最大之半導體奈米級精密定位系統製造商,氣動元件,11.98,300.1
4583,台灣精銳,2.76,高精密度之伺服用行星式齒輪減速機提供商,減速機,8.02,627.7
5288,豐祥-KY,1.64,越南主要汽機車零件供應商，跨足醫療器材零件,機車零組件,6.97,107.7
6606,建德工業,-0.59,全球專業的磨床工具機廠商,磨床,11.03,27.8
7750,新代,9.82,生產精密設備控制器為主的製造商,工具機控制器,7.18,2008
8222,寶一,-6.46,專注於航空發動機內的高溫段零組件製造商,飛機零件／製造,6.86,24.3
8374,羅昇,1.02,自動化機電零組件代理暨技術服務商,自動化設備,11.23,79.9
8996,高力,3.94,台灣唯一製造硬銲型不銹鋼板式熱交換器廠,金屬加工／製品,9.35,975.7
1570,力肯,6.53,台灣氣動釘槍製造廠商,電動工具,5.15,20.6
1580,新麥,-0.8,亞洲最大烘焙設備製造廠,烘焙及食品飲料機械,4.93,60.9
1586,和勤,-0.23,台灣汽車及硬碟零件雙核心精沖技術大廠,汽機車零組件,10.68,23.1
1591,駿吉-KY,-1.4,東南亞最大氣動式工業用槍釘供應商,螺絲螺帽,3.8,24.2
1599,宏佳騰,-1.21,以自有品牌「AEON」沙灘車起家並跨入機車領域的業者,沙灘車,7.3,18.2
2066,世德,6.58,全球汽車大廠之第一階扣件及金屬零件供應商,螺絲螺帽,4.44,20.9
2067,嘉鋼,-3.6,台灣小型鑄件廠,機械零組件,4.51,3.3
2070,精湛,-3.74,全球扣件篩選設備大廠,設備儀器商,4.18,29
2230,泰茂,-7.39,台灣知名汽車活塞環廠商,活塞,6.8,21.3
2235,謚源,1.34,為車用水箱風扇製造商，堤維西為其最大股東,車用冷卻系統,3.59,10.9
3162,精確,-0.66,敏實集團旗下的車用鋁壓鑄零件供應商,汽機車零組件,15.44,139.7
3226,龍鋒,-0.12,台灣車燈及車用LED模組製造商,車燈,6.44,26.4
3379,彬台,-1.88,食品飲料機械設備供應大廠,烘焙及食品飲料機械,3.8,13.9
3426,台興,0,台灣專業電磁閥製造商,電氣零件與設備,2.64,12.6
3685,元創精密,-0.33,車用導光板及沖焊零件供應商,汽機車零組件,7.96,23.9
4502,健信,-4.86,台灣主要汽車鋼圈及鋁圈廠,輪圈,5.75,9
4503,金雨,4.1,台灣最大自動販賣機製造廠,自動販賣機,7.83,36.8
4506,崇友,-0.84,台灣前三大電梯製造商,電梯,17.7,208
4510,高鋒,0.32,台灣從事生產切削機及龍門機廠商,工具機,10.9,51.4
4513,福裕,0.34,台灣最大磨床廠商,磨床,13.44,16.9
4523,永彰,-2.1,汽車空調OEM廠商,汽車空調,6.49,19.7
4527,方土霖,0.47,台灣專業的中央空調系統冰水機組銷售商,空調製冷,7.62,32.9
4528,江興鍛,0,台灣汽車傳動系統零件鍛造廠,傳動系統,8.42,13.4
4533,協易機,4.1,台灣沖床大廠,沖床,15.84,50.3
4534,慶騰,-3.76,台灣粉末冶金及齒輪箱設計開發知名廠商,金屬加工／製品,8.68,20
4535,至興,0,台灣最大汽機車精密沖壓零件廠,汽機車零組件,7.57,20.7
4538,大詠城,-0.27,台灣工具機鑄件廠,機械零組件,5.95,10.9
4543,萬在,-5.94,專供AM市場汽車空調與引擎冷卻系統零件製造廠,汽車空調,5.98,22.7
4549,桓達,-0.49,台灣最大製程自動化感測器廠,自動化設備,5.7,57.6
4550,長佳,-0.41,專業的機電工程整合公司,配電工程,3.78,9.2
4558,寶緯,4.9,台灣加工鋁擠型及鋁窗生產廠,鋁擠型,5,10.2
4561,健椿,0.39,台灣知名的工具機精密主軸製造廠,工具機主軸,5.85,30.2
4563,百德,3.6,為台灣老字號的綜合加工機製造廠商,工具機,5.5,27.6
4568,科際精密,0.12,台灣微型泵浦大廠,幫浦,3.17,13
4580,捷流閥業,-0.37,專業閥門製造商,工業閥門,4.68,38.3
4584,君帆,-1.71,大中華地區前三大油壓缸供應商,液壓元件,3,12
6122,擎邦,-0.61,整廠工程之承攬、規劃、設計、施工服務廠商,工程顧問,7.81,38.2
6425,易發,8.24,深耕面板製程設備，並跨足半導體及動力電池設備之廠商,面板設備,5.09,44.8
6603,富強鑫,-1.24,台灣塑膠射出機領導廠商,塑膠機械,16.74,40
6609,瀧澤科,1.64,中日合資工具機生產廠商，以CNC車床為主,車床,7.25,31.4
6843,進典,-0.43,高階工業閥門製造商,工業閥門,3.33,15.3
6982,大井泵浦,0.95,台灣老牌的水泵產品銷售商,幫浦,4.07,21.6
7642,昶瑞機電,-1.91,台灣直流馬達吊扇製造商,家電,3.02,21.7
7709,榮田,-1.66,立式車床領導大廠,車床,3.91,32.4
8027,鈦昇,9.85,專業於半導體、主機板、高階基板材料等設備廠商,封測用設備,11,244.7
8083,瑞穎,0.29,台灣軸承製造商，主要應用於車庫門、手推車等,軸承,3.51,61.3
8107,大億金茂,-4.56,大億集團旗下之汽車零組件供應商,汽機車零組件,7.5,8.6
8255,朋程,2.41,全球燃油車發電機二極體龍頭之一,二極體,10.18,151.7
9951,皇田,-1.46,全球第二大汽車窗簾ODM廠,汽車內裝,7.33,39.6
1603,華電,2.34,台灣老牌電線電纜業者，並跨入鋁門窗生產,電力電纜,19.17,63
1604,聲寶,0.22,台灣知名家電品牌,家電,38.42,87.6
1605,華新,3.7,大中華區電線電纜及不鏽鋼領導廠商,不鏽鋼,443.13,1551
1608,華榮,0.74,台灣超高壓電力電纜線路統包工程知名業者,電力電纜,63.28,216.7
1609,大亞,0.83,國內電力電纜、漆包線知名廠商,電力電纜,78.53,285.4
1611,中電,-0.84,以東亞照明品牌銷售燈具及LED照明產品,照明,32.27,38.1
1612,宏泰,1.5,台灣電力電纜業者之一,電力電纜,31.61,117.7
1614,三洋電,-0.47,台灣知名家電品牌,家電,26.91,85.7
1615,大山,-0.89,台灣知名電力電纜公司,電力電纜,19.67,87.1
1616,億泰,0.9,國內電力電纜業者,電力電纜,19.41,43.4
1617,榮星,-1,專業漆包線及電子用線大廠,漆包線,16.95,25.3
1618,合機,-1.53,台灣主要電力電纜廠,電力電纜,19.27,74.4
1623,大東電,-1.42,台灣知名電力電纜公司,電力電纜,6.6,160.1
1626,艾美特-KY,-0.91,大陸「艾美特AIRMATE」品牌小家電生產商,小家電,14.98,16.3
4930,燦星網,0,由燦坤集團分割之小家電製造業,小家電,8,14.3
5283,禾聯碩,-0.38,台灣智慧家電廠，經營HERAN品牌,家電,8.76,45.8
2061,風青,6.8,台灣知名漆包線供應商,漆包線,5.74,12.6
1708,東鹼,7.93,台灣老牌硫酸鉀(SOP)肥料廠,肥料,24.9,100
1709,和益,-0.8,台灣烷化品大廠、且為唯一氫化石油樹脂商,烷基苯,47.7,88.2
1710,東聯,2.89,遠東集團旗下，EG大廠,EG,88.57,110.3
1711,永光,-5.74,亞洲染料廠龍頭,染料，顏料,54.78,296.9
1712,興農,-1.19,台灣農藥市場龍頭公司,農藥,42.05,174.3
1713,國化,-0.32,保險粉生產商,保險粉,15.1,71.5
1714,和桐,6.28,亞洲最大正烷屬烴供應商,正烷屬烴,99.18,97.3
1717,長興,3.72,亞洲最大合成樹脂廠，亦是全球最大乾膜光阻劑,合成樹脂,117.22,947.2
1718,中纖,2.21,台灣化纖及EG重要供應商,EG,168.59,109.2
1721,三晃,10,油墨、表面處理劑、PU樹脂生產企業,其他化工產品,18.49,58
1722,台肥,1.18,台灣最大肥料及化學廠商,肥料,98,461.6
1723,中碳,1.13,中鋼集團旗下，台灣唯一煤化工製造商,煤化工,23.69,191.4
1725,元禎,4.29,石化原料之專業代理商,化學產品通路,18.18,59.6
1726,永記,-0.65,台灣最大油漆廠，主要生產防火漆,塗料,16.2,123.3
1727,中華化,5.53,台灣主要生產硫酸產品之廠商,強酸產品,12.8,97.7
1730,花仙子,-0.19,台灣最大家庭日用品廠商,衛生清潔用品,6.32,33.3
1732,毛寶,0.94,台灣主要清潔用品大廠,衛生清潔用品,4.24,11.4
1735,日勝化,7.48,專業合成皮用PU樹脂製造商,PU樹脂,9.94,27.1
1773,勝一,2.03,台灣第2大溶劑廠商,溶劑,30,528
1776,展宇,-0.88,台灣PU樹脂及硬化劑大廠,PU樹脂,6.01,10.1
4720,德淵,-1.15,台灣最大熱熔膠供應商,熱熔膠,11.45,29.5
4722,國精化,-0.63,台灣不飽和聚酯樹脂大廠,合成樹脂,10.28,240.2
4739,康普,9.9,台灣特用化學材、電池材料、PTA氧化觸媒大廠,正極材料,12.47,119
4755,三福化,0,台灣半導體特用化學大廠,半導體化學品,10.07,140
4763,材料*-KY,0.12,全球第五大醋酸纖維絲束大廠,半合成纖維,9.89,414.9
4764,雙鍵,-5.59,全球前三大光固化起始劑生產商,其他化工產品,8.55,274.6
4766,南寶,-3.32,台灣接著劑材料大廠,合成樹脂,12.06,457
4770,上品,7.38,全球氟素樹脂加工應用廠商,合成樹脂,8,191.9
1742,台蠟,1.61,台灣唯一蠟品專業製造商,石蠟,9.27,14.6
3430,奇鈦科,9.8,台灣橡塑、UV化學添加劑生產廠,其他化工產品,3.37,56.6
4706,大恭,-0.64,台灣最大合成顏料製造商,染料，顏料,7.9,24.4
4707,磐亞,7.14,台灣主要從事生產界面活性劑廠商,其他化工產品,40.37,66.6
4711,永純,3.43,台灣生產酸醇樹脂製造廠商,合成樹脂,6.11,10.1
4714,永捷,0.34,台灣PU樹脂大廠,PU樹脂,17.81,26.4
4716,大立,0.33,台灣主要從事生產合成樹脂廠商,合成樹脂,9.44,14.2
4721,美琪瑪,-0.42,全球最大PTA氧化觸媒供應商，也生產正極材料,正極材料,7.5,71.3
4741,泓瀚,0,台灣最大噴墨打印墨水研發與製造公司,染料，顏料,3.48,21.4
4754,國碳科,0.13,台灣防火材料研發及生產廠商,塗料,3.03,11.3
4767,誠泰科技,0,自動化設備用熱熔膠製造商,熱熔膠,3.14,8.4
4768,晶呈科技,-3.65,半導體及光電特殊氣體供應商,工業氣體,4.75,232
4772,台特化,-1.24,中美晶旗下，特氣供應商,工業氣體,14.77,468.9
6509,聚和,-2.13,全球前三大自黏便條紙商、知名造紙化學品廠,其他化工產品,19.65,85.9
1707,葡萄王,0,台灣保健食品製造領導廠商,食品生技,14.81,167.4
1720,生達,0,台灣前三大學名藥廠,西藥製劑,17.87,109.2
1731,美吾華,-0.23,藥品代理並生產自有品牌染髮劑及沐浴用品,衛生清潔用品,13.29,28.8
1733,五鼎,0.71,台灣血糖測試儀製造的龍頭企業,血糖儀,10,28.5
1734,杏輝,-0.33,台灣老牌學名藥製造商，並跨足保健食品及中草藥原料開發,西藥製劑,19.02,58.1
1752,南光,-1.03,台灣最大針劑製藥廠,西藥製劑,10.1,33.9
1760,寶齡富錦,-0.93,台灣老牌學名藥廠，經營西藥與醫美保健事業,西藥製劑,8.57,54.7
1762,中化生,-3.1,中化旗下原料藥製造商，MMF與MCB在美國為龍頭地位,原料藥,7.69,28.9
1783,和康生,-1.14,專注膠原蛋白之高階醫材及醫美保養產品,醫用植入材料,8.97,34.9
1786,科妍,-1.41,台灣首家醫療級玻尿酸醫材廠,醫用植入材料,7.48,41.9
1789,神隆,-2.78,台灣原料藥龍頭企業,原料藥,79.07,152.2
1795,美時,-1.48,台灣老牌學名藥廠，從事困難學名藥與癌症學名藥之製造,西藥製劑,26.69,621.8
3164,景岳,1.15,亞洲第一家益生菌原料藥GMP廠,食品生技,8.6,15.1
3705,永信,0.18,台灣人用學名藥與動物用藥之龍頭企業,西藥製劑,26.64,147.6
3716,中化控股,-1.43,台灣前三大學名藥廠,西藥製劑,14.98,51.7
4104,佳醫,-0.57,台灣最大洗腎相關儀器及耗材代理商,洗腎器具,18.84,132.2
4106,雃博,0,亞洲最大防褥瘡氣墊床廠,福祉輔助設備,10.09,22.4
4108,懷特,0,美吾華旗下植物新藥研發公司,植物新藥,19.86,24
4119,旭富,-5.04,全球最大之丙戊酸一系列癲癇藥物生產者,原料藥,11.95,52.9
4133,亞諾法,-0.91,全球抗體與重組蛋白製造龍頭,生物製劑,6.06,13.2
4137,麗豐-KY,-0.47,克麗緹娜品牌之美容護膚產品通路商,美容,8.25,88.3
4142,國光生,-0.84,台灣流感疫苗龍頭企業,生物製劑,42.95,75.8
4148,全宇生技-KY,5.93,馬來西亞生化複合肥料龍頭廠商,農業生技,6.72,25.8
4155,訊映,-0.77,血糖儀、血糖試片、居家醫療器材廠商,血糖儀,14.48,18.8
4164,承業醫,1.75,台灣最大腫瘤醫學設備代理商,醫療器材通路,19.53,55.3
4169,泰宗,-1.28,專注肝癌檢測與泌尿道新藥研發廠商,新藥研發,6.64,102.3
4178,永笙-KY,0,中天生技集團旗下細胞治療新藥公司,新藥研發,21.59,41
4190,佐登-KY,0,專注研發生產、銷售保養品及課程服務領域,美容,6.14,15.1
4736,泰博,-0.79,台灣HCT(血球容積)變化檢測技術領導廠,血糖儀,9.54,119.2
4737,華廣,1.02,以Bionime為自有品牌生產居家醫療用血糖機及測試片廠商,血糖儀,7.74,45.9
4746,台耀,2.21,全球維他命D衍生物製造大廠,原料藥,12.03,66.7
4771,望隼,0.53,長華轉投資隱形眼鏡ODM廠,隱形眼鏡,5.87,110.3
6431,光麗-KY,-4.05,美妝保養品代工廠商,美妝保養品,8.61,10.2
6446,藥華藥,-2.49,罕見真性紅血球增生症藥物研發廠商,新藥研發,37.99,2682.2
6472,保瑞,-2.51,台灣最大CDMO代工廠，且為利基學名藥研發公司,西藥製劑,12.8,521.8
6491,晶碩,0.88,和碩集團旗下隱形眼鏡公司,隱形眼鏡,7.8,222.7
6541,泰福-KY,1.4,免疫、癌症等領域生物相似藥及新藥研發,新藥研發,26.5,105.6
6550,北極星藥業-KY,-3.98,聚焦標靶抗癌新藥研發,新藥研發,85.99,130.2
6589,台康生技,-0.55,台灣生技藥品委託開發生產服務廠商,醫藥研發外包服務,30.82,113.6
6598,ABC-KY,0.89,創新數位生物條碼技術大廠,檢驗試劑／紙,10.28,23.3
6657,華安,-2.68,小分子新藥研發廠,新藥研發,8.88,35.4
6666,羅麗芬-KY,0.36,銷售以面部類為主的大陸美妝品牌公司,美妝保養品,4.74,19.7
6782,視陽,-0.77,明基材轉投資，為亞洲矽水膠隱形眼鏡代工龍頭,隱形眼鏡,6.3,122.5
6794,向榮生技,-0.84,異體脂肪幹細胞新藥研發廠,新藥研發,6.37,40
6796,晉弘,-5.31,醫療影像診斷系統解決方案供應商,醫學影像裝置,4.02,26.6
6838,台新藥,0,台耀旗下眼科、腫瘤和抗感染藥研發廠,新藥研發,15.1,40.6
6861,睿生光電,3.46,經營X光平板感測器產品,設備儀器商,4.16,161.8
6885,全福生技,0.89,眼科疾病治療藥物研發廠,新藥研發,13.3,30.1
6918,愛派司,6.45,專注於亞洲專有骨板骨釘系統研發製造商,骨科類器材,3.46,27.4
6919,康霈*,-0.96,專注醫美與慢性發炎疾病新藥開發公司,新藥研發,7.79,1604
6931,青松健康,-2.52,台灣中部地區頗具規模之連鎖照顧服務機構,醫療服務,6.62,28.1
6934,心誠鎂,-0.13,吸入式藥物遞送裝置研發及CDMO廠,呼吸與麻醉用器具,3.6,28.1
6936,永鴻生技,-0.29,永信轉投資，為台灣動保藥廠領導品牌之一,動物用藥,7.28,24.9
7799,禾榮科,-2.62,台灣首家硼中子捕獲治療系統(AB-BNCT)供應商,放射治療設備,15.8,527.4
1565,精華,-2.44,台灣隱形眼鏡製造龍頭企業，並擁有「帝康」自有品牌,隱形眼鏡,5.04,50.4
1777,生泰,-1.11,生達集團旗下開發及產製原料藥廠商,原料藥,4.46,31.7
1781,合世,0,全球前三大電子式血壓計廠,血壓計,4.74,5.1
1784,訊聯,1.24,台灣首家私營臍帶血公司,生物科技,5.31,39
1788,杏昌,-0.37,代理歐美日一線廠牌醫療器材為主,醫療器材通路,4.45,60.1
1799,易威,-0.42,台灣特殊學名藥研發廠,西藥製劑,12.47,44.7
1813,寶利徠,-0.41,全球第三大PC(聚碳酸酯樹脂)光學鏡片商,眼鏡業,4.66,5.7
3118,進階,-0.44,台灣具規模的生醫實驗室儀器耗材通路商,檢驗試劑／紙,3.25,10.9
3176,基亞,-1.36,全球知名的核酸檢驗試劑和肝癌新藥研發廠,新藥研發,13.93,45.4
3205,佰研,0,透過克緹直銷有機食品及保健食品,食品生技,6.75,38.1
3218,大學光,2.26,台灣最大視力健康連鎖集團,醫療服務,8.47,114.8
4102,永日,0.56,永信集團旗下原料藥廠,原料藥,4.24,7.5
4105,東洋,-0.27,專注研發微脂體、微球注射劑困難學名藥廠,西藥製劑,24.87,187
4107,邦特,3.42,台灣血液迴路管、穿刺針等血液透析耗材龍頭廠,洗腎器具,6.93,83.9
4109,加捷生醫,0,台灣最大甲魚相關保健食品廠,食品生技,11.87,13.6
4111,濟生,-0.33,台灣洗腎血液透析粉液龍頭企業,西藥製劑,5.98,18.1
4114,健喬,0.16,台灣主要學名藥產銷及代理商,西藥製劑,51.02,158.2
4116,明基醫,-0.77,明基友達集團旗下醫療設備、醫用耗材、醫療服務公司,醫療耗材,4.46,17.3
4120,友華,-0.11,台灣代理國際藥品與醫美玻尿酸通路商,醫藥流通,8.67,40.3
4121,優盛,-0.34,全球前三大電子式血壓計製造商,血壓計,8.31,12.1
4123,晟德,0.92,台灣最大內服液劑、水劑之製藥廠,西藥製劑,76.9,294.1
4126,太醫,-0.25,台灣最大醫療耗材製造商,醫療耗材,7.26,57.8
4127,天良,9.92,以天良牌、鐵獅牌銷售保健品及代理諾得膠囊廠商,食品生技,4.58,20
4128,中天,0.67,台灣首家符合GMP之發酵中藥廠，並經營棉花田有機食品通路,中藥製劑,58.82,88.8
4129,聯合,-0.2,台灣骨科植入物及器材龍頭廠,人造關節,9.64,96
4130,健亞,1.65,學名藥代工及新藥研發廠,西藥製劑,13.79,38.1
4131,浩泰,-0.28,高分子生物檢驗晶片廠,檢驗試劑／紙,3.99,14
4138,曜亞,-4.5,佳醫旗下台灣最大醫學美容器材代理商,醫療器材通路,3.99,21.2
4139,馬光-KY,-2.09,新加坡中醫醫療連鎖機構龍頭,醫療服務,4.5,10.5
4147,中裕,-1.71,專注於愛滋新藥研發,新藥研發,27.32,133.5
4153,鈺緯,2.5,佳世達旗下醫療顯示器廠,LCD顯示器,5.87,18
4157,太景*-KY,-2.01,小分子創新化合物新藥研發廠,新藥研發,0.01,65.9
4160,訊聯基因,-1.71,台灣專攻基因醫學與數位生技的公司,生技服務,2.67,11.5
4161,聿新科,0.22,血糖檢測設備與天然蝦紅素保健品廠,血糖儀,5.98,13.7
4162,智擎,-2.94,東洋集團旗下新藥研發公司,新藥研發,14.57,81.7
4163,鐿鈦,3.04,醫療器材用精密金屬零件製造商,其他醫療器材,5.07,49.9
4166,友霖,2.5,友華旗下的新藥研發生產商,新藥研發,24.3,64.9
4167,松瑞藥,1.33,全球前三大培南類抗生素原料藥供應商,原料藥,31.04,59
4168,醣聯,-0.44,醣質抗體與蛋白質藥物研發廠,新藥研發,11.25,25.2
4173,久裕,-0.53,佳醫旗下藥品經銷物流商,醫藥流通,7.46,13.9
4174,浩鼎,-2.06,潤泰集團旗下抗癌新藥研發公司,新藥研發,13.16,43.9
4175,杏一,0,台灣醫療用品連鎖通路龍頭,醫療器材通路,4.23,22.8
4183,福永生技,-2.5,台灣血糖測試設備商,血糖儀,2.38,3.2
4188,安克,-1.27,全球首個FDA核准之超音波電腦輔助診斷(CAD)醫材公司,智慧醫療技術,6.33,7.4
4192,杏國,-2.2,杏輝旗下植物新藥研發廠,植物新藥,3.52,7.1
4198,欣大健康,-0.53,高階數位X光機及骨質密度檢測設備廠,醫學影像裝置,2.41,9.1
4726,永昕,2.45,晟德轉投資之CDMO廠,醫藥研發外包服務,20.72,60.6
4728,雙美,-0.26,台灣首家生產醫療級膠原蛋白溶液的GMP醫材廠,醫用植入材料,5.45,207.5
4735,豪展,1.99,全球知名紅外線額耳溫槍生產商,體溫計,4.16,12.8
4743,合一,-0.19,中天轉投資的植物新藥研發公司,植物新藥,48.04,247.4
4744,皇將,0.93,台灣製藥設備及檢驗儀器製造廠,醫療保健設備／裝置,5.69,18.6
4745,合富-KY,0.5,大陸最大台資醫療通路集團,醫療器材通路,7.74,15.6
4747,強生,1.69,台灣中小型利基型學名藥廠,西藥製劑,4.55,24.5
4911,德英,-0.15,抗癌植物新藥研發公司,植物新藥,6.37,21.8
5312,寶島科,0.41,台灣最大眼鏡通路商,眼鏡業,6.01,58.6
6130,上亞科技,-0.21,從事醫美事業的醫藥採購及管理顧問,醫藥流通,4.63,10.5
6242,立康,-0.53,中草藥生產及經營觀光工廠之廠商,食品生技,3.18,12
6461,益得,-0.88,健喬旗下哮喘定量噴霧吸入劑研發廠,西藥製劑,17.84,30
6469,大樹,-3.8,台灣連鎖藥局龍頭,醫藥流通,15.01,110.3
6492,生華科,-2.14,小分子抗癌新藥研發廠,新藥研發,8.99,45.2
6496,科懋,0.61,代理藥品及檢驗試劑，並開發解毒劑之公司,醫藥流通,4.74,11.7
6499,益安,1.09,內視鏡、心導管及手術用侵入性設備研發廠商,手術與治療用醫材,9.69,81.1
6523,達爾膚,-0.9,台灣第一大醫美品牌DR.WU,美妝保養品,4.5,44.6
6527,明達醫,-4.46,眼科診斷型儀器研發及組裝廠商,醫學影像裝置,2.55,17.5
6535,順藥,-2.21,晟德旗下新藥研發公司,新藥研發,16.78,223.2
6547,高端疫苗,0.72,專注於疫苗及生物製劑開發的生技新藥公司,生物製劑,32.87,160.8
6569,醫揚,-0.9,研揚轉投資醫療用工業電腦公司,工業電腦,3.91,38.9
6574,霈方,0.42,台灣保養品集團,美妝保養品,2.2,26.3
6576,逸達,1.39,新劑型配方新藥研發廠,新藥研發,15.75,126.2
6612,奈米醫材,-0.73,人工水晶體及其植入系統製造商,醫用植入材料,4.75,32.2
6615,慧智,-0.77,台灣基因檢測產業領導廠商,生技服務,2.16,7
6617,共信-KY,0.63,聚焦腫瘤精準治療之抗癌新藥公司,新藥研發,12.75,80.8
6620,漢達,-0.71,特殊學名藥與新藥研發廠,西藥製劑,17,119.3
6637,醫影,-0.56,專攻影像醫學設備代理商，主要代理GE醫學設備,醫療器材通路,2.68,19
6649,台生材,0.63,主要從事泡沫式人工腦膜研發,醫用植入材料,4.2,16.7
6661,威健生技,-1.69,台灣第一家獲得生物晶片檢測雙認證之公司,生技服務,2.33,4.1
6662,樂斯科,3.22,台灣知名實驗鼠繁殖中心,生命科學工具,2.56,7.8
6703,軒郁,2.14,銷售以面膜為主的美妝品牌公司,美妝保養品,3.3,39.4
6712,長聖,0,專注於細胞療法新藥研發,生物製劑,9.69,134.2
6730,常廣,-0.27,微創手術耗材及器械製造商,醫療耗材,3.63,13.6
6733,博晟生醫,-1.06,晟德旗下生物性骨材研發廠,骨科類器材,13.43,37.6
6762,達亞,-0.69,以二類、三類醫療器材及零組件研究開發與設計代工廠,手術與治療用醫材,3.52,50.6
6767,台微醫,-2.17,鐿鈦旗下脊椎融合手術產品供應商,骨科類器材,3.92,10.6
6785,昱展新藥,-1.82,開發治療鴉片類成癮症及難治型憂鬱症之長效藥物,新藥研發,6.68,89.8
6841,長佳智能,-1.95,電腦分析輔助診斷系統供應商,智慧醫療技術,9.52,57.5
6844,諾貝兒,1.41,以「丁丁藥局」為品牌之連鎖藥妝及藥局通路業者,醫藥流通,3.74,24.3
6872,浩宇生醫,0,聚焦式超音波及治療導引追蹤系統研發廠,手術與治療用醫材,7.08,12.7
6875,國邑*,-1.58,脂質體緩釋劑型肺高壓治療藥物研發廠,新藥研發,6.46,44.2
6929,佑全,2.48,台灣大型連鎖藥局,醫藥流通,4.51,11.2
7713,威力德生醫,--,主要代理經銷羅氏體外診斷之相關設備醫材廠,醫療器材通路,4.55,31.3
8279,生展,-0.91,生達旗下原料藥及保健品研發廠商,食品生技,2.71,26.6
8403,盛弘,-3.55,敏盛醫控股旗下醫藥流通及健康管理業者,醫藥流通,13.76,28
8409,商之器,0,台灣醫療影像PACS系統龍頭廠,智慧醫療技術,3.2,6.3
8432,東生華,-3.31,東洋旗下慢性病用藥與新藥研發公司,西藥製劑,3.84,19
8436,大江,-1.23,專為大廠研發保健品、保養品及有效添加物等公司,食品生技,11.77,141.9
1802,台玻,1.45,台灣第一大玻璃生產商,玻璃,290.81,2032.7
1806,冠軍,-0.24,台灣最大瓷磚廠商,瓷磚,39.04,32.1
1809,中釉,10,亞洲最大色釉料廠,釉料,16.7,66.1
1810,和成,-1.89,台灣衛浴設備大廠,衛浴設備,30.23,54.9
1817,凱撒衛,0.52,台灣衛浴設備大廠,衛浴設備,7.26,28.1
1903,士紙,0,從事濕紙巾、嬰幼兒洗沐與防疫用品、保養品業務,家庭用紙,26,128.2
1904,正隆,0.29,台灣最大工業用紙生產商,工業用紙,110.83,193.9
1905,華紙,-0.4,紙漿及文化用紙一貫廠，亦為永豐餘子公司,文化用紙,110.28,136.8
1906,寶隆,-0.45,榮成轉投資之工業用紙代銷商,工業用紙,15.1,16.5
1907,永豐餘,0,台灣第一大造紙集團,工業用紙,166.04,399.3
1909,榮成,1.09,國內前三大工業用紙生產商,工業用紙,132.77,123.1
6790,永豐實,-0.37,台灣家庭用紙龍頭製造商，為永豐餘旗下子公司,家庭用紙,26.71,106.6
2002,中鋼,-0.8,台灣最大設有高爐的一貫作業鋼廠,冷軋鋼捲,1573.49,2926.7
2006,東和鋼鐵,0.45,台灣最大型鋼廠及三大鋼筋廠之一,鋼筋,73.02,494.4
2007,燁興,-0.68,台灣不鏽鋼線材盤元大廠之一,不鏽鋼線材,53.07,38.8
2008,高興昌,-0.89,台灣製管專業製造廠商,鋼管,19.09,53.2
2009,第一銅,4.49,台灣銅產品線最完整的企業,銅,35.96,142.4
2010,春源,0,台灣最具規模鋼鐵裁剪及通路業者,鋼剪裁加工,64.77,151.6
2012,春雨,0,主要外銷歐美及東南亞的線材螺絲廠,螺絲螺帽,30.22,45.6
2013,中鋼構,0.35,台灣鋼結構大廠,鋼構,20,85.9
2014,中鴻,1.4,中鋼集團旗下，熱軋產品大廠,熱軋鋼捲,143.55,259.8
2015,豐興,2.88,台灣三大鋼筋廠之一,鋼筋,58.16,374
2017,官田鋼,3.51,台灣盤元及鐵絲大廠,線材盤元,44.69,40.9
2020,美亞,0.91,台灣第一家鋼管專業製造廠,鋼管,26.7,59.1
2022,聚亨,2.86,以泰國為生產基地的線材盤元大廠,線材盤元,33.72,27.9
2023,燁輝,-3.13,全球最大鍍面鋼廠,鍍鋅鋼捲,184.12,261.7
2024,志聯,-2.8,主要從事鋼棒及鋼線生產之廠商,棒鋼,9.75,13.6
2025,千興,3.54,台灣不鏽鋼板冷軋廠,冷軋不鏽鋼,17.27,20.2
2027,大成鋼,0.88,美國最大不鏽鋼產品通路商及最大鋁捲板廠,不鏽鋼,258.43,1032.4
2028,威致,-0.58,台灣三大電爐廠之一，主要銷售鋼筋及鋼胚,鋼筋,32.57,55.5
2029,盛餘,1.99,台灣鍍面一貫化處理鋼捲製造商,鍍鋅鋼捲,32.12,65.8
2030,彰源,9.76,台灣不鏽鋼管、不鏽鋼板製造大廠,不鏽鋼管,28.05,50.5
2031,新光鋼,0.63,台灣鋼剪裁大廠，以內銷為主,鋼剪裁加工,32.11,128.1
2032,新鋼,6.95,以內銷為主的不鏽鋼裁剪加工廠,不鏽鋼剪裁加工,13.05,23.1
2033,佳大,-0.66,致力於鋼線鋼纜產品業務,線材盤元,8.07,12.2
2034,允強,-0.71,全球前五大不鏽鋼管製造商及不鏽鋼加工廠,不鏽鋼管,52.9,111.4
2038,海光,1.08,台灣鋼筋大廠之一,鋼筋,19.41,27.3
2069,運錩,4.34,台灣不鏽鋼材料加工製造廠,不鏽鋼剪裁加工,16.64,34
2211,長榮鋼,-0.81,長榮集團旗下之鋼結構製造廠,鋼構,41.71,407.5
3004,豐達科,-2.14,亞洲唯一合格航太扣件供應商,螺絲螺帽,6.44,73.6
5007,三星,0,全球最大鋼鐵螺帽製造商,螺絲螺帽,29.49,171.1
5538,東明-KY,-0.48,大陸不鏽鋼緊固件龍頭大廠,不鏽鋼緊固件,20.12,62.4
9958,世紀鋼,0.49,台灣鋼構大廠,鋼構,24.69,255.5
2035,唐榮,1.8,台灣知名不鏽鋼大廠,冷軋不鏽鋼,35,99.2
2063,世鎧,2.35,台灣螺絲及螺栓廠,螺絲螺帽,4.81,12.6
2064,晉椿,-1.56,高階棒鋼龍頭大廠,棒鋼,6.93,8.7
2065,世豐,7.48,台灣最大烤漆、噴頭表面塗裝螺絲廠,螺絲螺帽,6.35,20.5
2073,雄順,--,台灣金屬線製品加工商,線材盤元,2.75,7.4
4950,金耘國際,-0.6,台灣鋼鐵集團旗下不鏽鋼、特殊鋼通路商,特殊鋼,5.77,9.6
5009,榮剛,10,全球前十大合金棒鋼廠,特殊鋼,60.25,241.9
5011,久陽,5.48,台鋼集團旗下螺絲大廠,螺絲螺帽,10.07,15.5
5013,強新,0.71,台灣超潔淨電解拋光不銹鋼管（EP管）領導廠商,線材盤元,13.34,38
5014,建錩,9.76,不鏽鋼板裁剪及分條加工廠,不鏽鋼剪裁加工,18.33,19
5015,華祺,-1.96,全球知名不鏽鋼螺絲製造廠,不鏽鋼緊固件,6.06,13.6
5016,松和,-0.98,台灣規模最大鋼線鋼纜廠之一,線材盤元,4.96,12.6
6248,沛波,-1.53,台鋼集團旗下專業鋼筋加工與配送通路廠,鋼筋,10,19.3
7718,友鋮,-2.75,台灣車用與工業用扣件供應商,螺絲螺帽,4.64,22.2
8349,恒耀,-5.99,車用與工業用扣件製造與貿易廠商,螺絲螺帽,20.88,88.5
8415,大國鋼,0.58,大成鋼轉投資之大型螺絲螺帽配銷商,螺絲螺帽,103.15,356.4
8930,青鋼,-1.87,亞洲最大輕鋼架生產商,輕鋼架,8.18,23.6
9962,有益,2.02,台灣不鏽鋼厚板第一大廠,不鏽鋼,9.02,8.7
2101,南港,-2.61,台灣擁有土地資產的老牌輪胎廠,輪胎,73.39,246.6
2102,泰豐,-1.06,台灣輪胎製造商,輪胎,47.33,88
2103,台橡,3.94,全球前七大橡膠生產製造商,合成橡膠,82.57,174.2
2104,國際中橡,-0.97,全球市佔率前五大的碳煙公司,碳煙,98.47,100.4
2105,正新,-0.16,台灣最大、全球前十大輪胎製造商,輪胎,324.14,1038.9
2106,建大,0.87,台灣第二大輪胎廠,輪胎,95.49,165.7
2107,厚生,-0.19,主要從事營建與倉儲業務，也從事於橡膠與塑膠皮加工,橡膠製品,30.36,79.1
2108,南帝,2.81,全球前五大NBR乳膠廠,乳膠相關,49.24,144.3
2109,華豐,-0.71,台灣前六大輪胎廠,輪胎,27.93,38.8
2114,鑫永銓,-0.23,台灣最大、全球前十大橡膠輸送帶商,橡膠製品,7.8,68.6
6582,申豐,-0.79,永豐餘旗下合成乳膠廠，全球前7大NBR乳膠廠,乳膠相關,10.62,33.4
1319,東陽,0.75,全球第一大汽車AM塑膠件製造商,汽機車零組件,59.15,477.9
1338,廣華-KY,4.78,汽車OEM塑膠內飾件大廠，供應以大陸市場為主,汽車內裝,8.38,13.8
1339,昭輝,-1.44,台灣第二大汽車AM塑膠件製造商,汽車保險桿,7.41,30.4
1512,瑞利,-1.9,主要經營體育用品零售店及汽車鈑金業務,運動用品,9.82,7.1
1521,大億,3.21,台灣最大OEM車燈製造商,車燈,7.62,19.6
1522,堤維西,-1.56,台灣前二大AM車燈製造商之一,車燈,31.29,98.9
1524,耿鼎,1.55,為汽車AM鈑金件製造商,汽車鈑金,16.53,48.8
1525,江申,0.49,台灣最大商用車車架及木床製造商,木床／車架,7.34,45.5
1533,車王電,0,主攻AM車用電子零組件之大廠,車用電子,9.85,33.4
1536,和大,2.98,台灣最大、全球前十大車廠之傳動零組件供應商,傳動系統,27.9,154.3
1563,巧新,-0.23,全球汽車鍛造輪圈大廠,輪圈,22.56,98.8
1568,倉佑,-0.35,汽車自動變速箱零組件製造商,傳動系統,10.31,29.7
1587,吉茂,-7.72,台灣最大汽車水箱製造廠,車用冷卻系統,8.01,23.9
2115,六暉-KY,-1.88,全球最大氣門嘴製造商,汽機車零組件,10.44,21.8
2201,裕隆,0,與日本日產技術合作之汽車製造商,汽車製造,107,296.9
2204,中華,-0.55,裕隆集團與日本三菱技術合作之汽車製造廠,汽車製造,55.36,299.5
2206,三陽工業,0.17,現代汽車台灣代理商及台灣知名機車製造商,機車,78.37,455.3
2207,和泰車,-2.36,TOYOTA台灣獨家代理商,汽車銷售,55.71,2649
2227,裕日車,-1.12,裕隆集團為NISSAN在台灣地區研發及銷售成立之公司,汽車銷售,30,159.6
2228,劍麟,-0.9,為汽車安全氣囊零組件製造商,安全氣囊,7.98,70
2231,為升,-6.03,主要經營電裝品、TPMS及毫米波雷達銷售,車用電子,13.59,148.2
2233,宇隆,3.6,汽車噴油嘴零件大廠,汽機車零組件,6.03,182.4
2236,百達-KY,5.56,全球唯二汽車零組件一條龍之新加坡商,汽機車零組件,6.19,87.5
2239,英利-KY,-0.9,台商企業，為大陸整車廠提供汽車結構件,汽機車零組件,11.77,25.9
2241,艾姆勒,5.06,主要生產電動車及油電混合車的逆變器散熱產品,汽機車零組件,10.46,32.6
2243,宏旭-KY,-9.03,大陸台資第一大、行業前五大的車身模具廠,汽機車零組件,6.94,15
2247,汎德永業,-1.4,豪華進口車代理商,汽車銷售,8.07,171.1
2248,華勝-KY,3.96,LED汽車門檻踏板供應商,汽車內裝,4.76,27.5
2250,IKKA-KY,0.63,能率集團旗下，日本車用沖壓件OEM廠商,汽機車零組件,3.64,23.3
2497,怡利電,-3.46,國內車載影音主機大廠,車載影音系統,13.09,69.2
3346,麗清,-4.01,LED車燈模組製造廠,LED封裝,12.12,20.3
3717,聯嘉投控,-3.12,車用LED模組及元件廠,LED封裝,20.81,48.4
4551,智伸科,10,汽車動力及安全零組件大廠商,汽機車零組件,11.52,171.1
4557,永新-KY,-0.39,北美最大AM汽車剎車總分泵之零件供應商,剎車系統,4.8,24.4
4569,六方科-KY,-4.39,泰國精密金屬零組件加工生產商,汽機車零組件,3.06,50
4581,光隆精密-KY,2,台灣商用車零組件鑄件公司,引擎相關,3.39,17.3
6605,帝寶,-0.77,全球AM車燈龍頭企業,車燈,16.58,213.9
7732,金興精密,-0.14,台灣車用散熱風扇、馬達、鼓風機製造商,車用冷卻系統,6.47,23.2
7736,虎山,-1.96,全球AM車門把手產銷龍頭,汽機車零組件,7.6,57.2
7821,神數,-1.32,聯華神通集團旗下，全球前三大車用電子品牌,車用電子,12.19,54.7
2302,麗正,9.97,台灣整流二極體廠商,二極體,16.63,35.8
2303,聯電,4.05,全球前十大晶圓代工廠之一,晶圓代工,1257.7,11949.6
2329,華泰,-1.17,半導體封測及EMS廠,IC封裝,65.9,330.4
2330,台積電,-2.4,全球第一大晶圓代工廠,晶圓代工,2593.25,579591.9
2337,旺宏,4.25,全球非揮發性記憶體整合元件領導廠,非揮發性記憶體,198.13,3080.1
2338,光罩,-2.91,光聚晶電旗下專業光罩廠,光罩,36.68,183.4
2340,台亞,0.13,日亞化轉投資感測元件與LED發光元件公司,LED晶粒,43.86,141.4
2342,茂矽,-1.71,功率元件及電源管理IC之晶圓代工廠,晶圓代工,15.75,67.8
2344,華邦電,9.81,專注於利基型DRAM與NOR Flash市場,非揮發性記憶體,450,5287.5
2351,順德,4.1,全球導線架前五大供應商之一,導線架,19.05,347
2363,矽統,2.69,轉型為觸控IC設計廠商,觸控IC,51.5,314.1
2369,菱生,0.98,台灣專注於類比IC的小型封裝廠,IC封裝,38.01,117.8
2379,瑞昱,-1.35,全球超高速乙太網路IC設計龍頭廠商,網路通訊IC,51.55,3010.6
2388,威盛,7.42,支援x86平台之IC解決方案廠商,CPU,55.6,426.3
2401,凌陽,1.38,台灣多媒體IC設計廠商,消費性IC,59.2,151.8
2408,南亞科,9.85,台塑集團旗下DRAM大廠,DRAM,345.02,9326.9
2434,統懋,-2.35,台灣上下游垂直整合之二極體廠,二極體,3.7,5.3
2436,偉詮電,5.42,台灣類比IC暨消費性IC設計廠商,類比IC,20.01,151.7
2441,超豐,2.1,全球記憶體封測廠,IC封裝,56.88,525.6
2449,京元電子,-3.7,全球IC測試領域龍頭公司,IC測試,122.27,3662.1
2451,創見,9.92,「Transcend」品牌之記憶體模組廠,記憶體模組,43.13,1479.4
2454,聯發科,6.89,全球智慧型手機晶片大廠,手機晶片相關,160.39,62231.5
2458,義隆,-0.99,全球NB觸控板模組與觸控IC龍頭,觸控IC,30.39,455.8
2481,強茂,9.55,台灣最大二極體廠,二極體,38.21,416.5
3006,晶豪科,9.9,台灣利基型記憶體IC設計廠商,DRAM記憶體IC,29.81,661
3014,聯陽,2.58,全球輸出入(I/O)控制IC領導廠商,IO控制IC,16.6,230.7
3016,嘉晶,9.83,台灣專業磊晶矽晶圓業者,磊晶,28.86,370.8
3034,聯詠,-0.3,全球面板驅動IC設計龍頭廠,LCD驅動IC,60.85,3021.3
3035,智原,9.83,聯電體系的ASIC及設計IP廠,ASIC,26.06,509.4
3041,揚智,1.65,專注於數位機上盒系統單晶片開發的領導廠商,機上盒晶片,14.02,28.9
3094,聯傑,0,嵌入式乙太網路IC設計廠商,網路通訊IC,8.31,25.7
3135,凌航,9.89,台灣記憶體模組生產商,記憶體模組,9.49,150.7
3189,景碩,9.83,全球ABF載板的主要供應商,IC基板,52.69,2650.4
3257,虹冠電,0.73,台灣AC-DC類比電源管理IC供應商,電源管理IC,7.98,44.1
3413,京鼎,-2.22,鴻海集團旗下，美商應材的相關供應商,半導體製程設備,11.08,341.1
3443,創意,9.98,台積電轉投資之設計IP與客製化ASIC廠,ASIC,13.4,7678.8
3450,聯鈞,4.39,全球前三大雷射二極體封測代工廠,IC封裝,14.57,623.5
3530,晶相光,6.6,神盾旗下CMOS晶片廠,CMOS晶片,7.75,53.8
3532,台勝科,4.08,台塑與Sumco合資成立的矽晶圓製造商,矽晶圓,38.78,1039.4
3545,敦泰,1.59,台灣中小尺寸LCD驅動IC廠,LCD驅動IC,22.12,127.4
3583,辛耘,9.9,再生晶圓暨半導體設備廠,半導體製程設備,8.03,695.7
3588,通嘉,7.43,台灣少數跨AC/DC及DC/DC的電源管理IC設計廠商,電源管理IC,6.2,39.4
3592,瑞鼎,1.93,友達集團旗下驅動IC設計公司,LCD驅動IC,7.59,199.9
3661,世芯-KY,9.92,全球ASIC及設計IP業者,ASIC,8.15,4263.9
3686,達能,-3.13,轉型發展太陽能EPC業務、記憶體通路,太陽能系統運用,7.65,13
3711,日月光投控,4.07,全球封測龍頭,IC封裝,447.06,23954.7
4919,新唐,9.85,華邦旗下整合元件製造(IDM)廠，提供IC設計與製造服務,MCU,41.98,772.4
4952,凌通,5.52,凌陽轉投資的消費性IC廠,消費性IC,10.88,56.1
4961,天鈺,0.29,產品涵蓋小至大尺寸顯示器驅動IC設計公司,LCD驅動IC,12.13,206.7
4967,十銓,-4.53,全球知名DRAM模組廠,記憶體模組,8.91,241.7
4968,立積,1.26,台灣採用矽及砷化鎵技術的RF射頻前端IC廠,射頻前端晶片,9.22,111.6
5222,全訊,-5.4,功率放大器及低雜訊放大器微波元件製造商,砷化鎵相關,9.11,119.7
5269,祥碩,-1.42,華碩旗下高速傳輸介面之控制IC設計廠,高速傳輸介面IC,7.48,1039.4
5285,界霖,9.89,台灣功率單體及光電導線架供應商,導線架,10.2,69.2
5471,松翰,9.92,為語音及多媒體IC設計專業廠商,MCU,16.79,83.7
6202,盛群,7.79,全球MCU大廠,MCU,23.04,134.6
6239,力成,1.58,全球前五大封測廠,IC封裝,75.91,1711.9
6243,迅杰,0,全球第二大鍵盤控制IC設計供應商,PC週邊IC,4.53,15.6
6257,矽格,0.71,RF及混合IC專業測試廠商,IC測試,48.39,1028.3
6271,同欣電,2.2,台灣陶瓷基板製造龍頭,IC基板,20.91,387.8
6415,矽力*-KY,9.99,大陸電源管理晶片大廠,電源管理IC,9.72,1820.3
6451,訊芯-KY,3.29,鴻海集團轉投資系統模組封裝廠,IC封裝,11.22,494.9
6515,穎崴,4.78,全球IC測試座龍頭,封測服務與材料,3.61,3636.5
6525,捷敏-KY,2.82,全球前三大專業功率半導體封測企業,IC封裝測試,12.9,141.3
6526,達發,-0.4,聯發科旗下無線通訊與固網通訊之晶片設計公司,無線網路IC,16.75,1256.3
6531,愛普*,9.94,從事行動記憶體IC設計及IP設計的公司,SRAM記憶體IC,8.14,1565.2
6533,晶心科,6.08,聯發科旗下嵌入式微處理器核心IP設計公司,設計IP,5.07,128.1
6552,易華電,3.04,長華轉投資之面板驅動IC用高階軟性基板廠,IC基板,8.3,25.3
6573,虹揚-KY,-3.15,二極體及橋式整流器製造商,二極體,8.05,9.9
6695,芯鼎,2.08,凌陽旗下影像及視訊處理IC設計公司,影音IC,9.65,46.7
6719,力智,1.6,華碩轉投資的電源管理IC設計公司,電源管理IC,10.55,160.5
6756,威鋒電子,3.02,威盛旗下USB高速傳輸控制晶片廠,USB IC,7,66.8
6770,力積電,1.79,全球前十大晶圓代工廠之一,晶圓代工,427.99,2640.9
6789,采鈺,-0.5,台積電旗下影像感測器後段製程生產企業,影像感測元件,31.83,1909.8
6799,來頡,2.14,台灣一家電源管理IC供應商,電源管理IC,4.37,39.7
6909,創控,-1.05,國內唯一自主開發的VOCs設備製造商,半導體製程設備,6.72,37.8
6937,天虹,-3.59,國內關鍵半導體零組件主要供應商,半導體製程設備,6.77,199.9
6962,奕力-KY,-0.52,聯發科旗下顯示器驅動IC設計公司,LCD驅動IC,49.24,187.6
7749,意騰-KY,4.09,AI聲學處理及語音識別ASIC及AI智財授權公司,設計IP,4.65,248.7
7768,頌勝科技,1.14,從事半導體CMP研磨墊材料、醫療保健鞋墊等生產,研磨液／墊,7.01,248
7769,鴻勁,10,國內知名的半導體IC測試設備供應商,封測用設備,17.99,11479.5
7822,倍利科,2.78,專注於光學檢測與量測設備的公司,設備儀器商,4.56,590
8016,矽創,-1.65,台灣感測元件及顯示屏驅動IC廠,LCD驅動IC,12.01,322.6
8028,昇陽半導體,3.54,主要從事再生晶圓與晶圓薄化代工業務,矽晶圓,17.97,410.2
8081,致新,4.14,台灣前三大類比IC設計公司,類比IC,8.62,227.5
8110,華東,4.43,華新集團旗下封測廠,IC封裝,51.77,262.5
8131,福懋科,2.43,南亞科旗下記憶體封測廠,IC封裝,44.22,298.5
8150,南茂,-1.83,全球前3大LCD驅動IC封測廠,LCD驅動IC封裝,70.45,641.1
8261,富鼎,7.14,提供MOSFET、IGBT和電源IC之解決方案商,電晶體,11.89,113.2
8271,宇瞻,-1.73,全球前十大DRAM模組廠,記憶體模組,12.81,284.4
3105,穩懋,6.8,全球最大砷化鎵晶圓代工廠,砷化鎵相關,42.39,2229.9
3122,笙泉,-4.23,提供有關MCU軟硬體全方位服務的廠商,MCU,4.08,15.7
3141,晶宏,4.18,LCD驅動IC設計公司，也是電子紙驅動IC重要供應商之一,LCD驅動IC,7.55,43.2
3169,亞信,3.56,台灣乙太網路控制晶片廠,網路通訊IC,6.31,73.5
3178,公準,-2.61,機台設備使用之關鍵零組件、精密模具製造商,半導體製程設備,4.51,30.3
3227,原相,2.21,為CMOS影像感測器及數位影像應用IC領導廠商,CMOS晶片,15.05,348.4
3228,金麗科,-0.21,從事微控制器IC、嵌入式微處理器及網路單晶片IC等設計公司,MCU,7.15,172.7
3259,鑫創,1.14,從事NAND Flash控制IC及MEMS麥克風IC設計廠,FLASH記憶體IC,7.3,12.9
3260,威剛,1.9,全球前三大記憶體模組廠,記憶體模組,32.94,1488.7
3264,欣銓,0.67,主攻晶圓測試，台灣前三大IC測試廠之一,IC測試,49.02,1105.3
3265,台星科,0.84,淡馬錫控股之IC封測廠,IC封裝,13.63,246
3268,海德威,0.82,台灣消費性IC韌體設計廠,IC設計軟體,3.47,6.4
3317,尼克森,9.65,電源管理功率元件公司,電晶體,9,61.4
3372,典範,0,記憶卡、影像感測元件封裝廠,IC封裝,17.53,34.6
3374,精材,9.93,台積電轉投資的封測廠,IC封裝,27.14,675.7
3438,類比科,-1.39,台灣面板電源管理IC龍頭,電源管理IC,4.72,30.1
3467,台灣精材,-0.83,半導體設備使用的精密陶瓷零組件耗材廠,半導體製程設備,3.11,22.2
3527,聚積,1.09,全球LED顯示屏驅動IC設計龍頭廠,LED驅動IC,4.44,28.8
3529,力旺,2.88,全球嵌入式非揮發性記憶體矽智財(eNVM IP)領導廠,設計IP,7.47,3331
3555,博士旺,-2.9,區塊鏈金融科技解決方案應用開發與相關專案委託開發,應用軟體,4,87.2
3556,禾瑞亞,3.04,禾伸堂轉投資的觸控IC設計公司,觸控IC,6.37,34.5
3567,逸昌,-1.51,專注類比與混合訊號IC測試廠,IC測試,3.4,10
3581,博磊,0.64,國內提供封裝測試設備及治具之專業製造商,封測用設備,5.1,120.6
3675,德微,9.96,台灣整流二極體供應商,二極體,5.31,131.8
3680,家登,10,全球第一大半導體光罩載具廠,半導體製程設備,9.6,591.6
3707,漢磊,2.32,中小型晶圓代工與磊晶供應商,磊晶,39.66,297
4749,新應材,8.29,全球TFT-LCD光阻材料主要供應商,半導體化學品,9.27,1089.6
4923,力士,5.06,MOSFET及類比IC之設計和生產商,電晶體,3.39,12.7
4951,精拓科,-2.02,台灣電腦系統相關IC供應商,PC週邊IC,3.41,41.5
4966,譜瑞-KY,9.87,專攻高速訊號傳輸介面及顯示晶片廠商,高速傳輸介面IC,7.9,580.3
4971,IET-KY,5.09,以MBE技術製造III-V族磊晶廠,光通訊元件磊晶,4.72,289.1
4973,廣穎,9.94,矽創轉投資之記憶體產品廠,記憶體模組,6.53,71.5
4991,環宇-KY,6.52,全球III-V族專業晶圓代工廠,砷化鎵相關,12.09,829.7
5236,凌陽創新,-0.3,凌陽旗下MCU與網路攝影機晶片廠,影音IC,6,100.8
5272,笙科,-3.1,台灣專注於無線通訊射頻(RF)晶片廠,無線網路IC,5.53,13
5274,信驊,5.13,全球遠端伺服器管理晶片龍頭,其他IC,3.78,6738.4
5299,杰力,6.83,華碩轉投資的功率元件設計公司,電晶體,5.09,50.1
5302,太欣,-3.39,台灣第一家IC設計廠商，現專注影像擷取錄影之單晶片開發,消費性IC,15.99,18.2
5344,立衛,-2.06,威盛轉投資之邏輯IC及CPU測試廠商,IC測試,7.94,13.2
5347,世界,4.18,台積電轉投資之晶圓代工廠,晶圓代工,186.74,3258.6
5351,鈺創,6.66,台灣利基型記憶體IC設計廠商,DRAM記憶體IC,32.85,263.1
5425,台半,10,台灣整流二極體大廠,二極體,26.35,211.6
5443,均豪,6.58,台灣面板及晶圓檢測設備供應商,半導體製程設備,16.47,213.3
5468,凱鈺,1.97,LED驅動IC及光通訊IC設計公司,網路通訊IC,5.89,10.7
5483,中美晶,9.73,台灣太陽能矽晶圓龍頭，並垂直整合太陽能產業鏈,太陽能矽晶圓,64.12,1048.4
5487,通泰,-1.77,老牌消費性IC設計廠商,消費性IC,2.42,6.7
6103,合邦,0,全球最大的CD Discman IC供應商,影音IC,1.36,5.4
6104,創惟,0.98,儲存設備USB控制晶片設計專業大廠,USB IC,9.11,93.9
6129,普誠,1.55,台灣消費性IC設計廠商，及車用IC設計公司,LCD驅動IC,18.09,29.7
6138,茂達,9.4,以主機板客戶為主的電源管理IC大廠,電源管理IC,7.56,215.6
6147,頎邦,-0.76,全球最大LCD驅動IC封裝及金凸塊供應商,LCD驅動IC封裝,74.46,1463.1
6182,合晶,2.99,台灣6吋及8吋矽晶圓製造商,矽晶圓,59.36,347.9
6187,萬潤,3.74,半導體及被動元件設備領導廠商,封測用設備,9.82,1083.8
6208,日揚,8.7,台灣最大製程設備真空元件供應商,設備儀器商,9.45,74.3
6223,旺矽,-0.8,全球前三大的非記憶體探針卡製造商,探針、探針卡,9.8,4884.4
6229,研通,1.21,台灣消費性IC韌體設計領導廠商,IC設計軟體,4.04,11.8
6233,旺玖,-1.12,USB控制IC設計廠商，並切入MEMS領域,USB IC,8.1,21.5
6237,驊訊,4.24,全球前三大音效晶片設計廠商,影音IC,7.96,36.2
6261,久元,0.41,專業半導體及光電產品切割、研磨、挑揀、測試代工廠,IC測試,12.85,155.5
6291,沛亨,0.75,台灣老牌電源管理IC業者,電源管理IC,4.2,198
6411,晶焱,3.26,台灣首家靜電放電防護IC設計公司,其他IC,9.92,81.8
6423,億而得,4.39,台灣NVM MTP IP供應商,設計IP,3.1,36.9
6435,大中,9.98,茂達旗下的功率半導體元件公司,電晶體,3.75,86.7
6462,神盾,2.37,台灣指紋辨識晶片龍頭,生物辨識IC,9.13,118.2
6485,點序,1.94,金士頓轉投資之快閃記憶體控制IC設計廠商,FLASH記憶體IC,4.74,39.9
6488,環球晶,4.11,全球第三大、台灣最大的矽晶圓廠商，從中美晶分割成立,矽晶圓,47.81,3992.3
6494,九齊,4.84,新唐轉投資的語音控制IC及MCU設計公司,MCU,3.16,18.5
6510,精測,5.87,中華電信旗下晶圓測試介面板廠,測試用板卡,3.29,1242.7
6532,瑞耘,-5.7,半導體前段製程設備及零件供應商,半導體製程設備,3.74,40.3
6548,長科*,2.09,長華電材旗下之封測導線架大廠,導線架,3.8,510.4
6568,宏觀,-3,全球前三大矽晶調諧器晶片供應商,無線網路IC,3.08,69.6
6640,均華,0.72,均豪旗下，從事半導體封裝設備的製造,封測用設備,2.85,400.7
6643,M31,9.98,主攻高速傳輸的矽智材廠商,設計IP,4.21,285.5
6651,全宇昕,9.88,分離式半導體元件廠,電晶體,3.46,46.2
6679,鈺太,-1.21,台灣MEMS麥克風晶片龍頭,MEMS,5.5,179.8
6683,雍智科技,2.71,台灣IC測試設備材料供應商,測試用板卡,2.76,625.5
6684,安格,0,安國旗下的多媒體視訊轉換控制晶片廠,影音IC,4.46,21.6
6693,廣閎科,4.7,茂迪轉投資功率半導體元件設計公司,電晶體,4.57,71.3
6708,天擎,3.38,台灣從事嬰兒監控、車用監控及安防視頻網路監控IC廠,安全監控IC,2.9,12.4
6716,應廣,9.82,台灣散熱風扇微控制器龍頭廠,MCU,3.02,31.5
6720,久昌,0.31,台灣霍爾IC及電源管理晶片供應商,類比IC,3.02,49.4
6732,昇佳電子,1.83,矽創旗下以感測器為主的IC設計公司,感測元件,4.89,81.7
6788,華景電,2.86,國內晶圓製程AMC防治設備龍頭,半導體製程設備,3.87,181.1
6823,濾能,0.11,半導體先進製程關鍵耗材供應商,電子其他,3.05,27.1
6829,千附精密,-9.98,精密零組件整合及半導體關鍵零組件製造商,半導體製程設備,5.92,133.4
6895,宏碩系統,-0.3,國內知名的高功率真空微波管製造商,半導體製程設備,3.41,56.1
6907,雅特力-KY,2.7,智原旗下高效能微控制晶片設計公司,MCU,6.25,83.1
6953,家碩,1.26,家登旗下的EUV光罩及傳載自動化之技術解決方案商,半導體製程設備,3,84.3
6996,力領科技,-1.08,矽創旗下LCD驅動IC設計公司,LCD驅動IC,4.2,76.9
7556,意德士,5.06,半導體設備耗材供應商,半導體製程設備,2.76,73.8
7704,明遠精密,-0.68,日揚旗下，臭氧產生器系統維修商,半導體製程設備,3.38,19.7
7712,博盛半導體,9.67,專業功率半導體元件及功率積體電路設計公司,電晶體,3.26,48
7734,印能科技,4.68,半導體封裝製程氣泡解決方案商,封測用設備,2.8,1064
7751,竑騰,-9.79,半導體封裝及檢測設備製造商,封測用設備,2.69,470.6
7770,君曜,0.74,專攻高速傳輸介面及觸控IC設計公司,高速傳輸介面IC,3.01,14.3
7772,耀穎,-5.09,半導體光學整合製造商,影像感測元件,2.65,49.4
7810,捷創科技,9.91,半導體設備銷售與工程技術服務商,半導體製程設備,2.03,47.2
7828,創新服務,9.87,國內知名的全自動探針卡植針設備製造商,半導體製程設備,4.05,496.1
8024,佑華,-0.81,玩具語音IC與MCU生產商,影音IC,4.52,5.6
8040,九暘,0.26,台灣前二大乙太網路IC供應商,網路通訊IC,9.64,75.2
8054,安國,-2.82,台灣USB介面裝置控制IC廠,USB IC,10.58,109.5
8086,宏捷科,1.57,全球前三大砷化鎵晶圓代工廠,砷化鎵相關,19.65,318.4
8088,品安,5,台灣記憶體模組廠,記憶體模組,6.09,34.5
8091,翔名,4.71,台灣半導體離子植入機之關鍵零件最大供應商,半導體製程設備,5.36,106.8
8102,傑霖科技,-4.35,專注於影像處理IC設計公司,影音IC,2.34,15.9
8227,巨有科技,3.2,台灣最早成立之IC 設計服務公司,ASIC,3.95,89.4
8277,商丞,-0.7,記憶體模組兼儲存設備廠,儲存設備,9.16,6.5
8299,群聯,9.88,全球USB控制IC設計之龍頭企業,FLASH記憶體IC,22.11,5903
8383,千附,-6.82,TFT-LCD及半導體廠無塵室供應商,廠務工程,11.38,63.7
2301,光寶科,9.8,台灣電源供應器大廠,電源供應器,231.61,5189.6
2305,全友,-1.4,光罩持股，經營工業用、醫療等數位掃描器,掃瞄器,20.57,36.1
2324,仁寶,3.88,全球前五大NB代工廠,筆記型電腦製造,440.71,1357.4
2331,精英,2.7,大同轉投資主機板及電腦產品專業代工廠,主機板,55.74,116.5
2352,佳世達,3.42,LCD顯示器及投影機大廠,LCD顯示器,158.05,406.2
2353,宏碁,3.6,全球前五大NB品牌廠,筆記型電腦,304.79,877.8
2356,英業達,1.31,全球前五大NB代工廠,筆記型電腦製造,358.75,1800.9
2357,華碩,5.54,全球最大自有品牌主機板兼NB廠,筆記型電腦,74.28,5095.3
2362,藍天,1.13,筆電製造商，並轉投資大陸最大IT賣場百腦匯,筆記型電腦製造,62.23,251.1
2364,倫飛,9.86,主攻軍工規格NB廠商,強固電腦,5.24,36.8
2365,昆盈,1.93,「Genius」電腦週邊產品商,滑鼠,22.15,81.9
2376,技嘉,2.37,全球前四大主機板廠商之一,主機板,66.99,2173.8
2377,微星,7.5,台灣知名主機板及電競筆電廠,主機板,84.49,908.2
2380,虹光,4.82,提供掃瞄器、MFP等數位化辦公設備供應商,掃瞄器,21.69,12.5
2382,廣達,0.88,全球前五大NB代工廠,筆記型電腦製造,386.26,13268.1
2387,精元,-1.84,全球知名NB鍵盤廠,鍵盤,19.53,78.1
2395,研華,0.42,全球工業電腦龍頭廠商,工業電腦,86.83,4143
2397,友通,0,佳世達轉投資工業電腦嵌入式解決方案供應商,工業電腦,11.45,67.8
2399,映泰,5.91,台灣主機板、顯示卡廠商,主機板,17.81,79.8
2405,輔信,3.01,台灣準系統廠,準系統,34.34,52.9
2417,圓剛,1.19,台灣知名影音視訊媒體解決方案商,視訊會議產品,15.72,80.2
2425,承啟,6.65,七彩虹轉投資顯示卡、主機板、伺服器公司,繪圖卡,9.65,31.7
2465,麗臺,7.95,台灣繪圖卡廠商,繪圖卡,9.39,81.6
2495,普安,-1.22,全球前十大磁碟陣列及NAS系統供應商,磁碟陣列控制器,27.36,99.4
3002,歐格,-0.56,台灣電源管理與智慧家庭解決方案領導廠商,電源供應器,10.2,18.1
3005,神基,1.63,全球前三大軍工規電腦廠,強固電腦,62.43,621.2
3013,晟銘電,4.67,台灣伺服器機殼OEM/ODM製造商,伺服器機殼,20.51,229.8
3017,奇鋐,4.5,全球最大PC散熱模組廠,筆記型電腦用散熱模組,39.25,10020.1
3022,威強電,-6.38,台灣知名工業電腦廠商,工業電腦,17.66,121.9
3046,建碁,3.56,宏碁轉投資工業電腦與數位看板公司,工業電腦,7.84,41.1
3057,喬鼎,0.46,全球知名RAID控制器及儲存解決方案供應商,磁碟陣列控制器,6.79,13.1
3060,銘異,1.96,台灣最大硬碟零組件製造商，主要產品為音圈馬達,硬碟相關,13.76,39.3
3231,緯創,-5.12,全球前五大NB代工廠,筆記型電腦製造,318.04,4420.8
3416,融程電,-2.28,台灣強固型工業用行動電腦及顯示器廠商,工業電腦,8.05,138
3494,誠研,-2.74,熱昇華式數位相片印表機供應商,印表機,9.48,5.1
3515,華擎,-5.3,全球前四大主機板廠商之一,主機板,12.35,287.2
3652,精聯,4.75,台灣條碼識別與自動資料收集設備(AIDC)領導品牌,掌上型工業電腦,7.51,23.2
3701,大眾控,3.28,轉投資製造工程、設計製造及系統整合等產業,控股公司,23.67,148.8
3706,神達,0.7,控股子公司從事伺服器、車用電子、工業電腦等業務,伺服器,132.72,1152
3712,永崴投控,-1.69,轉投資業務包含能源服務、影像掃描器、3C零售等,控股公司,24.62,50
4916,事欣科,8.06,從事博奕機台、工業電腦、航太零組件等業務,博奕機台,12.39,82.7
4938,和碩,-1.18,全球前十大EMS廠之一,電子製造服務,268.22,2236.9
5215,科嘉-KY,-0.13,全球知名NB薄膜觸控開關製造商,鍵盤,6.43,24.6
5258,虹堡,1.88,台灣電子金融交易終端機(POS)製造商,POS機系統,11.04,59.9
6117,迎廣,-0.5,PC機殼及伺服器組裝廠,伺服器機殼,9.26,74.3
6128,上福,-0.73,台灣唯一具備雷射印表機之碳粉匣及OPC感光鼓齒輪研發設計廠,印表機耗材,12.76,26
6166,凌華,6.19,台灣工業電腦大廠,工業電腦,21.77,201.8
6206,飛捷,9.66,台灣最大、全球前三大POS專業代工廠,POS機系統,14.31,186.7
6230,尼得科超眾,-1.6,日本電產轉投資之散熱模組製造商,筆記型電腦用散熱模組,8.63,133
6235,華孚,1.4,車用鎂合金零件製造廠,汽機車零組件,19.99,87.2
6277,宏正,1.84,全球知名KVM製造商,週邊產品,11.95,85.8
6414,樺漢,3.61,鴻海轉投資之工業電腦廠,工業電腦,14.6,523.7
6579,研揚,2.96,華碩、廣積轉投資工業電腦廠,工業電腦,16.95,235.5
6591,動力-KY,-2.59,電競PC散熱風扇供應商,散熱風扇馬達,4.11,23.2
6669,緯穎,2.69,緯創轉投資之大型雲端資料中心硬體供應商,伺服器,18.58,9923.9
6831,邁科,10,均溫板等散熱零組件及模組生產商,其他散熱零件,6.75,400.9
6928,攸泰科技,-2.81,大眾控轉投資工業電腦公司,工業電腦,8.6,41.7
6933,AMAX-KY,-1.21,提供AI高效能運算、高密度伺服器和存儲、液冷整機櫃解決方案,伺服器,4.24,69.1
7711,永擎,-9.96,華擎轉投資伺服器主機板及伺服器整機系統公司,伺服器,7.17,301.6
8114,振樺電,9.82,全球前五大POS品牌廠之一,POS機系統,7.65,166.6
8163,達方,1.51,全球知名NB鍵盤廠,鍵盤,28,84.6
8210,勤誠,9.89,台灣伺服器機殼龍頭廠,伺服器機殼,12.53,1948.7
9912,偉聯,-2.37,以自有品牌發展專業用途顯示器廠,LCD顯示器,5.42,6.7
1569,濱川,-0.53,全球NB鍵盤支架領導廠商,模具沖壓,14.42,80.5
3071,協禧,5.46,生產NB用散熱風扇及模組廠,散熱風扇馬達,11,34
3088,艾訊,2.81,研華轉投資工業電腦廠商,工業電腦,10.86,139.1
3211,順達,5.64,全球知名筆記型電腦電池組裝廠,消費用電池,15.43,622.1
3213,茂訊,-0.85,國內專業的強固型電腦暨電腦通路商,電腦通路商,5.87,68.4
3272,東碩,0,全球PC/行動裝置擴充基座龍頭廠,週邊產品,6.12,11.3
3287,廣寰科,-1.23,「GAMDIAS」電競周邊產品品牌商,電競週邊,4.4,12.3
3323,加百裕,4.46,台灣三大NB電池模組廠之一,消費用電池,9.95,36.1
3325,旭品,1.19,電腦機殼製造商,機殼,11.02,14
3349,寶德,-9.81,電競週邊產品製造商,電競週邊,4.61,9.7
3479,安勤,0.94,仁寶轉投資工業電腦廠商,工業電腦,7.26,70.5
3483,力致,-0.44,具風扇及熱導管自製能力的散熱廠商,筆記型電腦用散熱模組,9.9,90
3540,曜越,1.28,電競品牌廠,電源供應器,7.25,20.1
3577,泓格,2.91,專攻PAC遠端控制器的IPC廠,工業電腦,6.4,58.9
3594,磐儀,1.08,專攻系統產品的工業電腦廠,工業電腦,9.59,53.7
3611,鼎翰,0.53,台半轉投資的條碼印表機製造廠,印表機,4.76,90.8
3625,西勝,-1.31,筆電電池模組及充電器供應商,消費用電池,11.42,17.3
3693,營邦,-3.48,台灣伺服器機箱兼系統平台服務商,伺服器機殼,4.3,250.2
3709,鑫聯大投控,-4.09,大聯大旗下，經營3C通路及室內樂園,電腦通路商,12.56,111.9
4924,欣厚-KY,0.98,馬來西亞鍵盤週邊及生質燃料生產企業,塑膠射出,3.72,3.8
4931,新盛力,10,台灣鋰電池模組之生產商,工業用電池,6.56,122.6
4987,科誠,0,台灣條碼標籤印製機製造商,印表機,3.19,26
5223,安力-KY,0,行動裝置散熱及機構件廠商,模具沖壓,4.45,11
5289,宜鼎,10,台灣專攻工業用嵌入式儲存裝置供應商,硬碟相關,9.63,1695.8
5356,協益,-0.55,經營電腦週邊及電子零組件之廠商,週邊產品,10.3,27.8
5386,青雲,-6.49,高階伺服器記憶體模組及板卡的代理商,電腦通路商,3.61,158.6
5426,振發,4.51,台灣PC外殼生產商,機殼,14.38,26.7
5438,東友,-0.51,為Konica Minolta代工多功能事務機,事務機器,11.25,21.8
5465,富驊,2.41,偉訓轉投資之電腦、伺服器機殼廠,機殼,14.77,37.7
5474,聰泰,-0.6,數位監控、影音串流設備商,視訊轉換相關,3.98,65.4
5490,同亨,1.6,全球知名POS刷卡機DMS廠,POS機系統,9.62,27.5
6121,新普,1.03,全球最大NB電池模組廠之一,消費用電池,18.5,728.8
6150,撼訊,-5.78,以Power Color品牌行銷全球之繪圖顯示卡供應商,繪圖卡,4.83,32.3
6160,欣技,-2.72,專攻自動辨識系統的IPC廠,掌上型工業電腦,6.85,11
6161,捷波,0.9,台灣工業電腦及主機板廠商,工業電腦,5.62,25.1
6188,廣明,1.31,廣達集團旗下的硬碟產品代工廠,硬碟相關,27.84,236
6228,全譜,-1.56,台灣底片掃瞄器及生物研究影像設備製造廠,掃瞄器,2.6,5.7
6276,安鈦克,-0.33,專注於電腦機殼與電源供應器的廠商,機殼,2.2,6.7
6441,廣錠,-0.9,廣積旗下博奕機台兼儲能系統公司,工業用電池,5.33,14.7
6570,維田,2.51,以嵌入式系統為主之工業電腦廠商,工業電腦,3.71,16.7
6577,勁豐,-1.46,豐藝轉投資工業電腦及醫療應用顯示器廠商,工業電腦,6.01,48.5
6680,鑫創電子,0,智能交通車載電腦系統製造商,工業電腦,2.4,12.9
6922,宸曜,1.99,台灣工業控制產品、應用電腦及工業電腦公司,工業電腦,2.72,48.6
8050,廣積,7.09,以工業級嵌入式系統為主之工業電腦廠商,工業電腦,20.52,97.7
8076,伍豐,5.34,跨入博奕產業之台灣POS專業廠商,POS機系統,29.22,72
8234,新漢,0.99,台灣工業電腦廠商,工業電腦,14.12,100.6
8410,森田,0.27,台灣最大3C產品之膜內轉印(IMR)印刷廠,機殼表面處理,3.66,13.4
2323,中環,0.47,全球前三大光碟片製造商之一,光碟片,108.93,115.5
2349,錸德,1.2,全球前三大光碟片製造商之一,光碟片,69.37,87.4
2374,佳能,2.55,以車載鏡頭及AI相機應用為主,光學鏡片／頭,33.66,270.9
2393,億光,0.14,全球前十大LED封裝廠,LED封裝,44.34,327.2
2406,國碩,6.82,提供太陽電池關鍵材料與發電系統整合服務商,太陽能系統運用,35.09,123.7
2409,友達,5.6,全球前五大面板大廠之一,TFT-LCD,754.71,1422.6
2426,鼎元,-1.19,台灣大型LED晶粒切割、檢測廠,LED晶粒,30.06,200.5
2429,銘旺科,-4.28,玻璃基板及加工製造商,玻璃基板加工,8.55,43.1
2438,翔耀,-4.87,主要經營玻璃基板薄化加工及機電設備,玻璃基板加工,7.12,12.9
2466,冠西電,2.38,LED裝飾燈及光電元件製造商,LED照明產品,17.35,88.5
2486,一詮,0,台灣LED導線架大廠,導線架,23.44,658.6
2489,瑞軒,3.37,台灣知名液晶電視及顯示器代工廠,液晶電視,61,262.3
2491,吉祥全,-0.47,主要從事照明應用產品製造及銷售,LED照明產品,8.2,17.2
3008,大立光,-0.97,全球智慧型手機鏡頭龍頭廠,光學鏡片／頭,13.08,3396.8
3019,亞光,1.74,台灣光學鏡頭大廠，專注於玻璃鏡片與非球面模造玻璃,光學鏡片／頭,27.92,409.1
3024,憶聲,2.11,經營歌林品牌家電,電器銷售,27.72,40.3
3031,佰鴻,1.52,台灣LED封裝暨紅外線傳輸模組廠商,LED封裝,17.32,52
3038,全台,-1.53,台灣中小尺寸面板模組廠,LCM,15.74,35.4
3049,精金,6.67,瀚宇彩晶關係企業，為觸控感測器製造商,觸控面板,80.2,109.1
3050,鈺德,0.41,錸德集團旗下台灣最大預錄碟片廠,碟片預錄,15.5,19.1
3051,力特,1.35,全球前十大偏光板供應商之一,偏光板,16.7,44
3059,華晶科,2.03,以車用鏡頭、影像晶片與醫療產品為主軸,光學鏡片／頭,30.77,123.5
3149,正達,4.66,鴻海集團旗下之玻璃加工龍頭廠商,玻璃基板加工,22.62,114.2
3168,眾福科,-1.53,佳世達旗下，為工控及客製化液晶顯示器之製造商,LCM,7.51,33.9
3356,奇偶,8.35,台灣專業安控廠，擁有自有品牌GeoVision,安全監控,7.99,47.7
3406,玉晶光,0.79,台灣光學鏡頭大廠，專注於手機鏡頭與AR/VR透鏡,光學鏡片／頭,11.27,575
3437,榮創,-0.58,專注於SMD LED研究、開發和製造,LED封裝,14.45,37.1
3481,群創,9.86,全球知名面板大廠,TFT-LCD,798.92,2580.5
3504,揚明光,1.13,中光電旗下微投光機及光學元件生產廠商,微投影機,11.41,71.6
3535,晶彩科,-1.95,國內面板前段自動光學檢測設備大廠,面板設備,7.91,99.6
3543,州巧,-3.14,專注LCD TV面板沖壓件製造商,模具沖壓,11.03,42.6
3563,牧德,0.62,台灣最大的PCB光學檢測設備供應商,PCB相關設備,6.4,516.2
3576,聯合再生,-2.58,台灣太陽能電池模組龍頭,太陽能電池模組,162.78,276.7
3591,艾笛森,-1.27,台灣最大高功率LED產品設計製造廠商,LED封裝,14.54,33.9
3622,洋華,1.77,台灣中小尺寸觸控面板廠,觸控面板,15.13,86.9
3673,TPK-KY,1.36,全球最大玻璃投射電容觸控模組廠,觸控面板,40.67,243.2
3714,富采,-4.5,全球前五大LED一條龍廠,LED晶粒,73.79,453.5
4934,太極,-1.08,廣運轉投資之太陽能電池廠,太陽能電池,22.5,41.2
4935,茂林-KY,-1.07,台灣導光板大廠,面板零組件,12.89,47.5
4942,嘉彰,-0.13,台灣TFT框架、背板等零組件沖壓廠,模具沖壓,14.24,54.1
4949,有成精密,1.81,台灣太陽能發電系統安裝廠商,太陽能電池模組,6.77,64.6
4956,光鋐,-7.45,泛鴻海集團LED磊晶廠,LED晶粒,10.04,45.5
4960,誠美材,0.89,台灣第二大偏光板供應商,偏光板,57.17,227
4976,佳凌,0.17,台灣光學鏡片及鏡頭機構組裝供應商,光學鏡片／頭,14.14,41
5234,達興材料,1.59,友達為大股東之光電特用化學材料供應商,半導體化學品,10.27,425.8
5243,乙盛-KY,0,鴻海轉投資的機構件廠,模具沖壓,16.85,180.3
5244,弘凱,-3.1,LED產品主要應用於高端消費及車燈市場,LED封裝,6.82,27.8
5484,慧友,0.66,台灣安全監控系統廠商,安全監控,6.68,25.5
6116,彩晶,5.54,台灣中小尺寸面板供應商，及觸控面板廠商,中小尺吋面板,285.87,277.6
6120,達運,-0.78,友達旗下背光模組零組件供應商,背光模組,59.9,76.7
6164,華興,-1.2,台灣LED照明元件及模組廠,LED封裝,8,9.8
6168,宏齊,1.53,專為Avago及Osram代工之LED封裝廠,LED封裝,20.58,54.5
6176,瑞儀,-0.48,全球最大背光模組(BLU)廠,背光模組,46.5,483.6
6209,今國光,-0.3,台灣光學鏡片、鏡頭製造商,光學鏡片／頭,18.06,115.4
6225,天瀚,2.05,機車用行車紀錄器及投影機廠商,行車紀錄器,2.78,5
6226,光鼎,-0.81,專注於LED照明市場之封裝業者,LED封裝,11.55,14.1
6278,台表科,7.21,全球知名光電產品之SMT代工廠,電子製造服務,29.24,630.1
6405,悅城,-9.94,台灣光電玻璃薄化加工大廠,玻璃基板加工,6.58,38.2
6443,元晶,3.63,台灣太陽能模組龍頭廠,太陽能電池模組,51.28,212.3
6456,GIS-KY,1.68,鴻海集團旗下觸控面板模組廠,觸控面板,33.79,225.1
6477,安集,-1.57,台灣太陽能電池模組製造商,太陽能電池模組,12.38,42.7
6668,中揚光,-0.27,鴻海集團轉投資的光學鏡片模具廠,模具,10.71,29.2
6706,惠特,-2.32,全球最大LED點測分選設備商,LED設備,7.85,132.4
6742,澤米,2.2,光學鍍膜及半導體鍍膜公司,光學膜,7.13,28.2
6916,華凌,-1.33,液晶顯示器模組(LCM)生產銷售商,LCM,6.75,12.5
8104,錸寶,2.81,錸德轉投資的全球PMOLED龍頭廠商,OLED,10.41,36.1
8105,凌巨,-0.74,從事製造利基型顯示模組,LCM,44.15,59.4
8215,明基材,2.77,全球前五大、台灣第一大偏光板供應商,偏光板,32.07,89.1
3066,李洲,0.82,台灣利基型LED封裝廠,LED封裝,8.31,15.3
3128,昇銳,-1.05,為監視系統領域之專業安全監控廠,安全監控,4.73,11.1
3230,錦明,-4.82,生產液晶螢幕金屬機構模具廠,模具沖壓,8.6,28
3297,杭特,2.52,台灣安全監控系統製造商,安全監控,3.6,11.8
3339,泰谷,-8.16,台灣專業生產綠光、藍光、紫外光LED磊晶片及晶粒供應廠,LED晶粒,6.66,35.9
3362,先進光,-2.39,台灣光學鏡頭研發及製造廠商,光學鏡片／頭,14.74,150.4
3434,哲固,0,台灣安全監控顯示器廠商,安全監控,3.58,10.2
3441,聯一光,-5.26,台灣光學鏡頭上游專業光學毛胚廠,光學鏡片／頭,4,16.2
3455,由田,10,應用於載板、PCB、面板的AOI檢測設備商,PCB相關設備,5.99,171.2
3490,單井,-0.65,LED及半導體封裝模具及設備供應商,設備儀器商,5.5,16.9
3516,亞帝歐,3.41,台灣連接線材及LED照明廠商,連接線材,5.96,12.6
3523,迎輝,-1.98,各式光學與光電膜產品製造商,光學膜,6.43,8
3531,先益,-0.65,LED中小尺寸背光模組專業製造廠,背光模組,6.12,14.1
3615,安可,-1.76,錸德轉投資的ITO導電玻璃專業鍍膜廠,導電玻璃,6.85,22.9
3623,富晶通,-1.91,中環與富士通合資之觸控面板廠,觸控面板,2.92,6.7
3630,新鉅科,-1.67,台灣感測鏡頭供應商,光學鏡片／頭,20.42,54.2
3666,光耀,-1.92,為光群雷轉投資之聚光片廠,光學膜,13.89,39.1
3691,碩禾,4.44,國碩轉投資太陽能導電漿大廠,太陽能導電漿,9.19,129.6
4729,熒茂,1.45,強茂轉投資之觸控面板廠,觸控面板,7.92,16.6
4933,友輝,1.01,新纖轉投資的聚光片廠,光學膜,8.26,57.7
4972,湯石照明,0,以自有品牌行銷歐美之LED燈具商,LED照明產品,5.69,9.4
4995,晶達,-0.23,工業用高亮度面板專業廠商,LCM,4.26,18.8
5220,萬達光電,0.99,台灣觸控面板廠，主要聚焦於軍、工控等市場,觸控面板,3.97,8.1
5230,雷笛克光學,-2.66,主要從事LED二次光學透鏡之研發、製造及生產,LED照明產品,5.6,9.2
5245,智晶,-0.78,PMOLED出貨量居全球第二大,OLED,4.51,11.5
5251,天鉞電,-0.87,以DIY類無線居家安控產品為主之數位家庭整合系統商,安全監控,3.37,9.6
5315,光聯,0.45,各尺寸液晶顯示器模組整合加工與銷售,LCM,10.64,23.6
5371,中光電,-5.11,背光模組及投影機製造大廠,背光模組,39.1,275.6
5392,能率,4.22,3C、手工具機、汽車等應用之零組件廠,其他電子零件,17.66,74.2
6125,廣運,1.02,經營自動化物流系統及太陽能電池等業務,設備儀器商,25.9,154.6
6167,久正,-1.64,中小尺寸TN/STN面板模組廠,LCM,14.6,17.5
6222,立軒,2.46,住宅及大樓開發商,住宅建設,9.57,21.9
6234,高僑,-6.57,經營自動化設備及PCB微型鑽頭的公司,設備儀器商,10.04,54.2
6244,茂迪,0.67,台灣太陽能電池模組大廠,太陽能電池模組,38.7,115.7
6246,臺龍,-0.29,中小尺寸背光模組及LED燈條生產廠商,背光模組,3.79,6.4
6419,京晨科,-4.86,台灣網路視訊監控系統商,安全監控,1.32,18
6498,久禾光,2.1,台灣光學塑膠鏡片、鏡頭及模組製造商,光學鏡片／頭,4.72,45.9
6517,保勝光學,-1.72,台灣第一家光學鏡片製造廠,光學鏡片／頭,3.06,17.4
6556,勝品,1.15,佳世達轉投資專業監控攝影機製造商,安全監控,2.88,20.2
6560,欣普羅,-1.13,台灣影音安控產品廠商,安全監控,3.25,12.8
6859,伯特光,-3.69,台灣精密光學鏡片模具大廠,模具,4.16,48.9
6899,創為精密,0.93,台灣專業的觸控面板製造商之一,觸控面板,4.24,22.9
7402,邑錡,-8.76,以「Brinno」為品牌之縮時攝影機供應商,攝影設備,3.53,40.4
7753,星亞,1.31,台亞旗下數位顯示系統及視覺燈光系統製造商,數位看板,2.5,10.7
8049,晶采,1.58,台灣中小尺寸液晶模組廠,LCM,11.83,30.3
8064,東捷,9.66,志聖轉投資的顯示器設備商,面板設備,18.48,209.8
8069,元太,9.88,全球電子紙龍頭廠,電子紙,115.42,2054.7
8111,立碁,-0.9,台灣LED元件生產商及封裝大廠,LED封裝,10.91,72.2
8240,華宏,4,國內背光模組光學膜片最大專業製造裁切廠,光學膜,10,70.2
2314,台揚,-3.08,鴻海轉投資衛星、微波通訊設備製造商,衛星通訊設備,10.61,13.4
2321,東訊,4.05,東元集團旗下台灣最大總機系統供應商,網通設備,3.03,1.8
2332,友訊,-1.08,以D-Link品牌行銷網通設備之全球領導廠商,無線網路設備系統(WLAN),60.22,83.1
2345,智邦,9.05,以網路交換器為主產品的網通設備代工大廠,網路交換器,56.11,14532.9
2412,中華電,-0.73,台灣電信業龍頭,電信／數據服務,775.74,10511.3
2419,仲琦,-0.17,台灣Cable CPE與系統整合業者,接取設備,32.13,96.4
2424,隴華,9.87,海上衛星寬頻營運商,通訊服務,5.96,3.8
2439,美律,0.23,電聲元件大廠,耳機,25.36,219.3
2444,兆勁,-1.9,台灣無線網路設備代工廠,無線網路設備系統(WLAN),10.16,13.1
2450,神腦,0.67,中華電信轉投資之數位產品通路代理商,手機零售通路商,25.83,77.7
2455,全新,6.82,全球前三大砷化鎵HBT磊晶片廠,光通訊元件磊晶,18.49,665.7
2485,兆赫,-1.46,機上盒、LNB、有線電視傳輸設備製造商,視訊轉換相關,31.77,214.8
2498,宏達電,2.29,以HTC品牌行銷全球前十大智慧型手機廠商,智慧型手機,83.6,336.5
3025,星通,-0.79,台灣電信局端設備製造商,電信設備,5.67,35.6
3027,盛達,-4.69,再生能源設備銷售與系統供應商,重電設備,13,21
3045,台灣大,0,台灣前三大電信業者之一,電信／數據服務,372.33,4095.6
3047,訊舟,1.74,兼營品牌(EDIMAX)與代工的網通設備廠,無線網路設備系統(WLAN),22.48,32.9
3062,建漢,3.92,鴻海投資的無線與寬頻網路設備製造商,無線網路設備系統(WLAN),33.01,91.9
3138,耀登,1.94,台灣天線製造、儀器設備代理廠商,天線,5.64,81.7
3311,閎暉,1.23,聚焦於車用零組件及機構整合元件,汽機車零組件,10,32.8
3380,明泰,0.94,佳世達轉投資的網通設備代工大廠,無線網路設備系統(WLAN),54.17,174.4
3419,譁裕,-1.72,網通天線大廠,天線,12.05,17.2
3447,展達,-2.54,群光轉投資網通設備廠,接取設備,7.74,29.7
3596,智易,3.37,仁寶集團旗下網通廠,無線網路設備系統(WLAN),22.04,405.5
3669,圓展,2.28,圓剛轉投資之視訊會議與教學簡報系統供應商,視訊會議產品,9.29,37.5
3694,海華,-5.33,和碩旗下無線通訊模組廠,通訊設備零組件,15.49,88
3704,合勤控,-0.71,兼營品牌「ZyXEL」與代工業務之網通設備廠,網通設備,41.54,145.6
4904,遠傳,0.31,台灣前三大電信業者之一,電信／數據服務,360.77,3380.1
4906,正文,0.75,台灣無線區域網路代工大廠,無線網路設備系統(WLAN),44.68,172.3
4977,眾達-KY,7.89,光收發模組封裝及代工廠商,光纖主動元件,8.02,197.3
5388,中磊,2.59,台灣寬頻及電信設備代工大廠,接取設備,30.43,265.7
6136,富爾特,-1.54,經營數位行銷服務及電子軟硬體代理業務,手機零售通路商,11.55,29.5
6142,友勁,-1.49,友訊轉投資寬頻產品製造商,區域網路,33.08,19.8
6152,百一,10,STB、LNB的ODM大廠,視訊轉換相關,16.77,24.9
6216,居易,-1.26,以DrayTek自有品牌行銷寬頻接取網通設備廠商,接取設備,9.73,22.8
6285,啟碁,4.65,緯創轉投資無線、衛星通訊產品大廠,無線網路設備系統(WLAN),48.37,1252.7
6416,瑞祺電通,-0.83,台灣網通資安設備龍頭大廠,資安設備,7.33,61.5
6426,統新,-0.76,台灣光通訊元件濾光片廠商,光纖零組件,3.85,100.1
6442,光聖,-0.76,台灣光通訊元件製造商,光纖主動元件,8.05,1522.4
6674,鋐寶科技,-1.63,仁寶轉投資之Cable CPE廠商,接取設備,6.86,12.4
6792,詠業,-1.23,達方轉投資的天線、壓電陶瓷元件、電路保護元件廠,天線,4.79,26.9
6863,永道-KY,9.71,永豐餘旗下RFID標籤ODM廠,RFID相關,7.49,84.6
8011,台通,0,台灣光纖線纜與光纖被動元件製造商,光纖光纜,16.59,32
8045,達運光電,1.77,從事室內外射頻與光傳輸設備的研發與製造,光纖設備,9.5,70.9
8101,華冠,1.2,台灣從事行動通訊產品製造商,手機製造,5.37,1.8
3081,聯亞,6.11,生產砷化鎵與磷化銦為基板的磊晶廠,光通訊元件磊晶,9.25,2572
3095,及成,4.02,台灣鋁合金沖壓零件廠,模具沖壓,1,4.7
3152,璟德,0.86,台灣最大LTCC元件廠,通訊設備零組件,6.9,121.1
3163,波若威,2.97,台灣最大光纖被動元件代工廠,光纖被動元件,8.05,837.6
3221,台嘉碩,-3.1,台灣最大的表面聲波濾波器製造商,濾波器,10.51,46
3234,光環,-0.51,光收發模組上游晶粒及封裝廠,光纖主動元件,11.15,108.7
3306,鼎天,-2.32,廣達旗下GPS接收機大廠,衛星導航,5.06,23.5
3363,上詮,5.31,台灣光纖被動元件大廠,光纖被動元件,11.36,969.4
3466,德晉,-3.28,台灣機上盒製造廠,視訊轉換相關,7.79,31
3491,昇達科,9.97,台灣微波及毫米波元件廠商,通訊設備零組件,6.88,1252.3
3499,環天科,-2.9,台灣GPS相關應用製造業者,衛星導航,5.5,8.3
3558,神準,-1.34,神腦轉投資的網路通訊及網路安全設備廠,網通設備,5.91,65.3
3564,其陽,4.65,友通轉投資的網路安全設備廠,資安設備,5.91,25.3
3632,研勤,-1.76,以PAPAGO為品牌之行車紀錄器及導航軟體廠商,行車紀錄器,4.09,3.4
3664,安瑞-KY,9.99,光聚晶電旗下雲端ADC設備廠,資安設備,7.19,6.2
3672,康聯訊,0.87,台灣光纖網路設備製造商,光纖設備,4.08,4.7
3684,榮昌,-0.84,高頻連接線及無線通訊整合次系統廠商,無線網路設備系統(WLAN),3.03,17.9
4903,聯光通,0.7,光通訊工程承包及光纖光纜製造商,光通訊,10.53,45.6
4905,台聯電,1.25,主產品為數據機、XDSL等網通設備廠,接取設備,2.93,23.6
4908,前鼎,-0.87,台灣光收發模組封裝及製造廠,光纖主動元件,7.82,177.9
4909,新復興,-1.64,全球最大LNB用板製造商,印刷電路板,9.34,50.3
4979,華星光,1.82,台灣光收發模組一貫廠,光纖主動元件,14.24,956.7
5353,台林,-1.13,有線、無線寬頻網路、工業電腦製造商,網通設備,7.58,19.7
6109,亞元,-0.4,應用以可攜式電子產品為主之電源供應器廠,電源供應器,8.78,11
6143,振曜,6.09,全球知名電子書閱讀器製造大廠,電子書閱讀器,8.61,84
6163,華電網,5.59,電信系統整合大廠，並跨足智慧城控與交通機電業務,系統整合,14.84,89
6170,統振,-1.73,從事數據預付卡及移工金流服務業務,手機零售通路商,9.73,49.6
6190,萬泰科,1.25,主要生產網通、醫療、車用等市場應用的線材供應商,連接線材,18.77,150.9
6218,豪勉,-4.36,專注通訊網路系統整合服務與半導體/LED設備解決方案領域,系統整合,6.43,24
6241,易通展,-3.45,無線網路通訊產品代工廠,無線網路設備系統(WLAN),4.87,4.2
6245,立端,1.5,專攻網路安全設備廠商,資安設備,14.66,119.2
6263,普萊德,9.8,以PLANET品牌行銷的網通設備廠,區域網路,6.25,105
6417,韋僑,0.36,台灣RFID Tag製造商,RFID相關,4.23,58.5
6465,威潤,-4.5,以自有品牌「ATrack」行銷衛星定位監控系統廠商,衛星導航,4.71,21.5
6470,宇智,-1.36,無線網路設備廠商,無線網路設備系統(WLAN),3.77,17.8
6486,互動,0,仲琦旗下電信寬頻網路系統整合規劃廠商,系統整合,5.09,42.4
6530,創威,2.31,主要生產熱插拔式及固定式光收發模組,光纖主動元件,3.38,37.3
6546,正基,-1.71,正文轉投資的無線通訊模組廠,通訊設備零組件,6.68,46
6561,是方,2.32,中華電轉投資之台灣最大IDC機房營運商,電信／數據服務,7.8,275.2
6588,東典光電,1.4,台灣光通訊元件濾光片廠商,光纖零組件,3.47,50.3
7717,萊德光電-KY,1.2,聚焦在利基型產品的光纖被動元件廠商,光纖被動元件,2.48,167.5
8034,榮群,0.2,台灣網路接取設備製造商,接取設備,5.66,14.4
8048,德勝,-0.32,台灣光纖網路局端、用戶端設備製造商,光纖設備,5.77,35.7
8059,凱碩,1.46,金寶旗下網通設備OBM/ODM廠,數據機,19.4,40.5
8089,康全電訊,-2.99,訊舟轉投資網路通訊設備廠,接取設備,6.6,13.9
8097,常珵,-1.33,網通CPE設備供應商,無線網路設備系統(WLAN),6.38,33.1
8176,智捷,0.99,台灣無線網路傳輸設備ODM/OEM廠,無線網路設備系統(WLAN),7.17,7.3
1471,首利,-0.9,台灣電源供應器及機殼廠,電源供應器,15.04,16
1582,信錦,1.94,全球螢幕架樞紐製造龍頭,樞紐,14.43,129.1
2059,川湖,3.76,全球知名伺服器導軌廠,其他電子零件,9.53,5260.4
2308,台達電,2.05,全球最大的交換式電源供應器廠商,電源供應器,259.75,58314.8
2313,華通,-4.54,全球HDI板龍頭公司,印刷電路板,119.18,2884.2
2316,楠梓電,9.78,台灣PCB大廠，並轉投資於深交所掛牌之滬電股份,印刷電路板,18.27,225.7
2327,國巨*,0.64,全球被動元件供應商，亦為全球晶片電阻大廠,晶片電阻,51.79,8115.7
2328,廣宇,5.6,鴻海旗下電子零件代工、PCB及連接器廠,連接器,51.83,283.5
2355,敬鵬,1.74,全球車用PCB龍頭廠,印刷電路板,39.75,209.5
2367,燿華,1.46,台灣前三大手機印刷電路板廠之一,印刷電路板,70.63,442.1
2368,金像電,5.26,全球最大伺服器用板製造商,印刷電路板,51.92,7147.4
2375,凱美,1.22,國巨旗下的專業鋁質電容廠,鋁質電解電容,10.87,99.4
2383,台光電,2.11,全球第一大無鹵素板廠、台灣第二大CCL廠,銅箔基板,35.83,17378.6
2385,群光,0.75,全球鍵盤及電源供應器大廠,鍵盤,76.01,1026.1
2392,正崴,0.9,生產3C產品連接器、電池模組、電源管理模組之廠商,連接器,51.23,200.6
2402,毅嘉,1.47,軟板及塑膠機構件廠,軟板,30.75,212.2
2413,環科,-1.52,電源供應器及變壓器製造廠商,電源供應器,12.74,57.8
2415,錩新,-1.43,全球最大揚聲器鍛造零組件廠,音響設備及零件,9,24.8
2420,新巨,1.8,台灣聚焦高階電源供應器與知名微動開關廠,電源供應器,15.26,86.2
2421,建準,1.34,PC散熱風扇知名廠商,散熱風扇馬達,28.69,433.3
2428,興勤,1.31,全球知名熱敏電阻廠,熱敏電阻,12.81,247.3
2431,聯昌,-2.31,東元轉投資，為一家電源電控廠,電源供應器,11.09,11.7
2440,太空梭,1.19,台灣絞銅線及3C連接線材公司,裸銅線,13.91,23.6
2457,飛宏,5.15,電源供應器領導廠商,電源供應器,42.48,108.3
2460,建通,3.13,亞洲最大電器類端子製造廠,其他電子零件,16.92,55.8
2462,良得電,-3.2,台灣知名電源線製造商,連接線材,15.08,31.9
2467,志聖,9.87,印刷電路板製程用壓膜機知名大廠,PCB相關設備,16.12,924.9
2472,立隆電,1.58,台灣第一大鋁電解電容器廠,鋁質電解電容,16.47,370.7
2476,鉅祥,6.7,台灣沖壓件暨機構件大廠,模具沖壓,21.89,260.2
2478,大毅,-0.26,台灣知名晶片電阻製造商,晶片電阻,14.47,112.7
2483,百容,-0.42,台灣知名程式開關兼繼電器供應商,其他電子零件,10.79,25.6
2484,希華,-5.26,台灣石英元件大廠,石英元件,15.94,63.1
2492,華新科,9.94,全球前五大MLCC廠,MLCC,48.52,833.2
2493,揚博,-1.52,全球最大的PCB濕製程大廠,PCB相關設備,12.68,164.2
3003,健和興,5.91,各種應用之連接器及配線器材生產,其他電子零件,15.57,92
3011,今皓,2.23,3C產品之電源線供應大廠,連接線材,12.96,16.1
3015,全漢,0.79,全球前十大交換式電源供應器廠商,電源供應器,18.73,95.7
3021,鴻名,0.61,提供3C產品線材、連接器及電子元件廠商,連接線材,9.49,15.6
3023,信邦,-0.17,台灣知名連接線束製造廠,連接線材,24.01,725
3026,禾伸堂,-0.15,主要自製MLCC及代理電子元件,電子元件代理商,16.59,546.6
3032,偉訓,9.9,台灣PC電源供應器及機殼製造廠，並跨入電競領域,機殼,11.33,80.3
3037,欣興,5.26,全球印刷電路板龍頭廠之一,印刷電路板,158.95,13565.3
3042,晶技,0.97,台灣最大石英元件、頻率控制元件廠商,石英元件,34.3,494.5
3044,健鼎,1.77,全球前十大印刷電路板廠之一,印刷電路板,52.56,2572.8
3058,立德,-0.48,以消費性網通應用為主的電源供應器廠,電源供應器,20.17,16.7
3090,日電貿,2.64,台灣最大的被動元件代理商,電子元件代理商,28.76,335
3092,鴻碩,-2.26,台灣知名連接元件製造商,連接線材,10.66,32.3
3229,晟鈦,9.94,磷銅球、小量多樣PCB供應商,PCB材料,6.43,14.5
3296,勝德,-4.05,以PC應用為主的電源保護器廠,電源供應器,9.67,21.8
3308,聯德,-2.12,台灣PC電源供應器供應商,電源供應器,6,12.5
3321,同泰,-1.52,欣興、台表科轉投資的軟板公司,軟板,8.61,14
3338,泰碩,-0.69,台灣生產散熱器及PC用連接器廠,筆記型電腦用散熱模組,8.79,63.6
3376,新日興,1.98,全球NB樞紐大廠,樞紐,19.58,404.2
3432,台端,-1.24,國內連接器製造商，並跨足電動二輪車銷售,連接器,4.22,7.2
3501,維熹,-0.42,正崴集團之連接線廠,連接線材,11.83,55.8
3533,嘉澤,5.37,全球前三大CPU Socket製造商,CPU Socket,11.25,3201.6
3550,聯穎,0.23,3C影音傳輸線材專業供應商,連接線材,10.76,23
3593,力銘,-1.85,台灣塑膠射出成型零組件廠,塑膠射出,6.08,10.4
3605,宏致,-1.2,國內連接器及連接線組、配件製造商,連接器,17.49,143.9
3607,谷崧,0,為3C塑膠零組件製造廠,塑膠射出,12.17,17.7
3645,達邁,7.33,全球第四大聚醯亞胺薄膜生產廠商,軟板PI,13.68,138.1
3653,健策,10,台灣均熱片兼LED導線架供應商,其他散熱零件,14.67,5891.3
3679,新至陞,-0.41,為塑膠模具設計及射出廠商,塑膠射出,6.3,75.6
3715,定穎投控,0.55,台灣專業多層印刷電路板製造廠,印刷電路板,28.36,514.7
4545,銘鈺,2,銘異轉投資沖壓件廠,模具沖壓,7.7,23.6
4912,聯德控股-KY,0.85,主要從事消費性電子零件的模組沖壓廠,模具沖壓,6.7,63.7
4915,致伸,-1.1,台灣電腦週邊及聲學元件製造大廠，並跨入車電領域,週邊產品,47.19,337.8
4927,泰鼎-KY,0.92,泰國台商最大印刷電路板公司,印刷電路板,26.49,145.5
4943,康控-KY,0.32,汽車零組件及聲學元件製造商,汽機車零組件,12.67,8.1
4958,臻鼎-KY,2.74,鴻海轉投資的全球第一大PCB廠,印刷電路板,107.06,4410.9
4989,榮科,-0.11,榮化轉投資的電解銅箔廠,銅箔,13.78,130.3
4999,鑫禾,-0.24,全球前三大筆電樞紐製造商,樞紐,7.44,15.6
5469,瀚宇博,4.03,全球前三大NB板與STB板廠之一,印刷電路板,48.62,413.7
6108,競國,-8.26,台灣CMOS sensor載板最大供應廠,印刷電路板,15.45,30.9
6115,鎰勝,-0.1,全球IT產品電源線材大廠,連接線材,18.77,89.7
6133,金橋,-0.23,經營電腦週邊及高頻通訊為主的連接線廠,連接線材,11.7,25.6
6141,柏承,0.45,少量多樣的利基型PCB廠,印刷電路板,11.34,37.7
6153,嘉聯益,-1.63,台灣前三大軟板廠之一,軟板,63.62,114.8
6155,鈞寶,-3.76,台灣電感及電磁波干擾對策之專業廠商,電感,8.8,45.1
6191,精成科,-0.73,瀚宇博轉投資印刷電路板暨組裝代工廠,印刷電路板,49.93,473.3
6197,佳必琪,4.81,國內連接器及線束廠,連接器,12.21,279.6
6205,詮欣,1.41,專業連接器及連接線廠商,連接器,8.22,70.8
6213,聯茂,4.52,全球前十大銅箔基板廠之一,銅箔基板,36.36,1092.1
6224,聚鼎,-3.81,全球第二大PPTC保護元件大廠,熱敏電阻,8.56,64.8
6269,台郡,-8.23,全球前十大軟板廠之一,軟板,32.38,187.8
6272,驊陞,-2.38,3C、手持裝置、PC、STB用連接器生產廠,連接器,8.18,25.2
6282,康舒,9.92,金仁寶集團旗下電源供應器廠,電源供應器,85.6,474.2
6412,群電,8.84,台灣前三大PC電源供應器廠,電源供應器,40.08,375.1
6449,鈺邦,-1.37,全球前三大固態電容廠之一,鋁質電解電容,9.19,165.9
6672,騰輝電子-KY,0.48,於大陸生產的台資銅箔基板廠,銅箔基板,7.46,149.3
6715,嘉基,10,嘉澤轉投資之高速連接線器廠商,連接線材,6.8,324.9
6781,AES-KY,7.32,新普轉投資之鋰電池模組製造商,車用鋰電池,8.54,1127.5
6805,富世達,0.76,全球精密軸承製造領導商之一,樞紐,6.86,1367.6
6834,天二科技,-0.52,被動元件貼片電阻製造商,晶片電阻,8.85,42.3
6835,圓裕,-2.34,台灣軟板及連接線組製造商,軟板,6.62,24.8
6862,三集瑞-KY,-9.89,台灣領先的電感器製造商之一,電感,5,84.2
7788,松川精密,3.69,台灣最具規模的繼電器製造公司,電氣零件與設備,7.97,145.5
7795,長廣,0.28,長興旗下，ABF載板真空壓膜領導商,PCB相關設備,7.88,286.9
8039,台虹,2.26,全球前三大FCCL製造商,軟板基板,26.37,356.3
8046,南電,6.32,台塑集團旗下PCB載板與IC載板製造商,IC基板,64.62,5867.2
8103,瀚荃,-0.43,各種應用之連接器及線纜組件廠,連接器,7.84,90.6
8213,志超,10,全球最大光電板廠商,印刷電路板,27.12,113.4
8249,菱光,2.72,全球彩色接觸式CIS龍頭廠,影像感測元件,13.78,68.4
1336,台翰,-0.36,宣德轉投資之消費電子產品外殼製造商,塑膠射出,7.76,10.7
1595,川寶,-4.18,全球知名PCB半自動曝光機廠,PCB相關設備,5.44,51
1815,富喬,3.27,台灣玻纖紗、玻纖布一貫廠,玻纖布,58.55,647
3078,僑威,-0.52,全球clone市場上最大電源供應器製造商,電源供應器,22.74,130.1
3114,好德,0.96,電子零組件及製程設備與耗材之專業代理商,電子元件代理商,6.51,17.1
3115,富榮綱,2.17,台灣從事鋁錠等有色金屬買賣業務公司,非鐵金屬,7.22,7.1
3191,雲嘉南,0.37,變壓器線架專業生產商,變壓器,4.36,6
3206,志豐,8.62,耳機與蜂鳴器等電聲元件廠,耳機,5.89,23
3207,耀勝,-0.5,變壓器及電感線圈製造生產商,變壓器,6.64,39.3
3217,優群,1.14,國內連接器製造商,連接器,9.01,160.4
3236,千如,1.76,台灣SMD晶片電感廠,電感,10.5,36.3
3276,宇環,1.85,志超轉投資印刷電路板公司,印刷電路板,6.97,11.5
3288,點晶,1.68,LED、馬達驅動應用的類比IC設計廠商,馬達IC,1.64,2.5
3290,東浦,4.29,塑膠精密元件模具廠,塑膠射出,9.02,43.8
3294,英濟,1.49,專營塑膠零組件射出與模具廠,塑膠射出,13.2,40.5
3310,佳穎,0.15,台灣LED導線架及沖壓零件供應商,模具沖壓,7.49,51.7
3322,建舜電,0.38,台灣連接元件及電子週邊元件廠,連接線材,13.76,18.1
3332,幸康,1.23,台灣專攻工業電源供應器廠，主銷歐美市場,電源供應器,4.81,31.7
3354,律勝,-1.13,台灣軟式印刷電路板基材製造商,軟板基板,7.01,24.5
3357,臺慶科,-0.53,台灣全系列電感元件製造商,電感,11.49,214.4
3388,崇越電,0.46,日本信越的矽利光產品專業代理商,化學產品通路,7.41,81.5
3390,旭軟,2.4,專攻LCM模組的軟板廠,軟板,7.93,22
3484,崧騰,-2.34,全球知名工具機開關領導廠商,其他電子零件,7.88,34.5
3485,敘豐,16.48,高階IC覆晶載板設備供應商,PCB相關設備,3.85,121.1
3492,長盛,0.66,台灣連接器與線組製造商,連接器,3.55,8.1
3511,矽瑪,-2.27,佳世達旗下連接器廠,連接器,8,17.2
3520,華盈,-0.64,台灣各種應用連接線材供應商,連接線材,6.88,10.6
3526,凡甲,-1.77,強茂轉投資之連接器廠,連接器,6.58,255.5
3537,堡達,3.1,為日商松下被動元件的代理商,電子元件代理商,5.62,27.1
3548,兆利,0.5,全球前三大NB樞紐生產商,樞紐,6.77,68.1
3597,映興,9.94,台灣連接元件廠商,連接線材,3.92,11.1
3609,三一東林,0.88,從事電光源驅動元件製造及汽車改裝銷售業務,其他電子零件,3.84,8.8
3624,光頡,6.78,利基型薄膜電阻廠,晶片電阻,11.73,73.9
3631,晟楠,4.86,錫條、錫絲、錫膏及鉛助焊劑供應商,金、錫凸塊,8.18,33.5
3646,艾恩特,0,台灣工業及汽車用連接器製造廠,連接器,3.93,9.1
3689,湧德,-1.19,主要生產DT、網通及消費電子用連接器,連接器,8.94,111.3
3710,連展投控,-4.45,控股公司，運營連接器及通訊零件等業務,連接器,28.73,17.3
4542,科嶠,-0.77,PCB用自動化乾燥設備製造大廠,PCB相關設備,3.46,67.3
4939,亞電,-3.37,台灣第二大FCCL廠商,軟板基板,9.82,39.4
4974,亞泰,1.22,全球前三大接觸式CIS影像感測器業者,影像感測元件,7.25,53.9
5227,立凱-KY,1.2,台灣磷酸鐵鋰電池正極材料廠商,正極材料,6.8,14.3
5228,鈺鎧,4.38,國內專業磁性被動元件製造廠,電感,3.81,15.9
5291,邑昇,1.56,台灣印刷電路板與自行車燈具業者,印刷電路板,3.99,28.5
5309,系統電,5.64,台灣知名TPMS及車電零件廠,車用電子,23.04,155.3
5328,華容,4.28,台灣塑膠膜電容器供應商,塑膠薄膜電容,17.27,48.4
5340,建榮,0,台灣電子領域玻纖布製造廠並跨足工業用領域,玻纖布,19.49,217.3
5355,佳總,-1.13,多層電路板供應商,印刷電路板,16.61,11.6
5381,光譜,-2.06,主要從事配電變壓器業務,變電設備,20.78,49.5
5439,高技,0.77,生產少量多樣高層數利基型PCB為主,印刷電路板,9.3,363.5
5457,宣德,0.41,台灣知名NB連接器及電子代工廠,連接器,19.65,71.5
5460,同協,-0.66,專業的連續沖壓模具及零件大廠,模具沖壓,5.88,8.8
5464,霖宏,9.92,"LCD TV,印表機等消費性PCB廠",印刷電路板,7.11,40.9
5475,德宏,2,台灣專業電子級玻纖布廠,玻纖布,12.71,421.4
5488,松普,2.97,台灣3C電線製造商,連接線材,9.16,9.5
5498,凱崴,-4.03,台灣PCB鑽頭製造商,雷射鑽孔機、鑽頭,19.35,133.7
6114,久威,1.94,電子材料之代理及加工廠商,電子元件代理商,4.39,13.9
6124,業強,-0.32,台灣最大熱導管供應商,熱導管,18.25,56
6126,信音,3.13,電腦及通訊用之連接器製造商,連接器,12.98,42.8
6127,九豪,-1.14,高階精密陶瓷基板之專業製造廠,被動元件上游,10.81,51.3
6134,萬旭,0.9,主要經營極細銅軸線、天線、信號線等線材業者,連接線材,8.19,27.5
6156,松上,1.03,印刷電路板和磁性元件製造商,印刷電路板,10.79,21.2
6158,禾昌,-0.81,3C用連接器生產廠,連接器,5.57,10.2
6173,信昌電,9.84,華新科旗下的MLCC及瓷粉原料供應商,MLCC,17.12,230.5
6174,安碁,1.22,台灣三大石英元件廠之一,石英元件,5,20.8
6175,立敦,0.44,立隆電旗下的被動元件上游鋁箔製造廠,被動元件上游,15.01,103
6185,幃翔,0.72,生產各類應用連接器,連接器,14.99,20.9
6194,育富,-0.15,台灣印刷電路板製造業者,印刷電路板,4.8,15.5
6203,海韻電,8.42,台灣以PC高階應用為主之交換式電源供應器廠商,電源供應器,8.24,61.6
6204,艾華,-0.54,國內利基型被動元件大廠,電阻,2.31,16.9
6207,雷科,7.39,主/被動元件設備及材料供應商,設備儀器商,7.98,54.5
6210,慶生,1.74,台灣中小型的多層PCB廠,印刷電路板,3.5,7.2
6217,中探針,6.02,台灣第一家探針及探針式連接器製造廠,探針、探針卡,11.72,330.5
6220,岳豐,-0.17,主要生產區域網路線材，並延伸至終端產品生產廠商,連接線材,14.65,43.9
6259,百徽,9.98,主要代理電磁波防制元件和電源相關元件,電子元件代理商,2.81,6.9
6266,泰詠,-1.43,台灣專業SMT加工及組裝測試廠商,電子製造服務,15.39,42.4
6274,台燿,6.2,全球前十大銅箔基板廠之一,銅箔基板,29.14,4202.2
6275,元山,-5.26,知名散熱風扇大廠,散熱風扇馬達,8.02,40.4
6279,胡連,-2.82,兩岸最大汽車端子製造商,汽車端子,11.9,143.4
6284,佳邦,0.61,電子保護元件及天線產品之領導廠商,天線,14.9,122.2
6290,良維,-0.36,全球知名電源線及充電器轉接頭製造商,連接線材,16.95,466.9
6292,迅德,7.51,專注生產工業用變壓器產品之廠商,變壓器,4.66,26
6418,詠昇,-1.57,各種應用之訊號連接器及傳輸線製造商,連接器,3.45,10.8
6432,今展科,9.95,專業之電感供應商,電感,3.44,16.7
6538,倉和,-1.38,國內最大的太陽能精密網版廠,電子其他,3.81,29.8
6584,南俊國際,2.69,專業鋼珠滑軌之製造廠商,其他電子零件,7.09,485.4
6597,立誠,9.97,一詮轉投資之LED陶瓷基板廠,LED散熱基板,3,22.5
6642,富致,-0.16,台灣PPTC自復式保險絲製造商,熱敏電阻,3.74,24
6664,群翊,-0.79,全球最大PCB塗佈烘烤設備廠商,PCB相關設備,6.08,267.2
6727,亞泰金屬,-1.79,全球知名的銅箔基板高階含浸設備製造商,PCB相關設備,2.69,133.1
6761,穩得,1.94,國內知名的EMC一站式服務商,電子元件代理商,3.5,73.4
6821,聯寶,-1.96,主要從事變壓器及電感器等磁性元件製造,變壓器,3.26,16.4
6913,鴻呈,0.77,全球線纜製造組裝規劃供應商,連接線材,4.38,57.2
6967,汎瑋材料,-0.52,電子功能性材料製造商兼經銷商,其他電子零件,2.49,18.9
7744,崴寶,-1.95,機構整合解決方案服務商,模具沖壓,3.2,177
8038,長園科,-3.49,氧化鋰鐵電池模組系統應用生產商,工業用電池,6.23,26.7
8042,金山電,5.71,MB、SPS、CRT用之鋁質電解電容器大廠,鋁質電解電容,12.95,115.1
8043,蜜望實,-5.68,主要代理太陽誘電之積層陶瓷電容及電感,電子元件代理商,7.99,67.7
8071,能率網通,0.3,專精事務機塑膠機構件及隱形眼鏡之生產業務,模具沖壓,6.01,10.1
8074,鉅橡,1.1,全球最大PCB墊板供應商,PCB材料,8.7,72.2
8093,保銳,-1.79,主攻高階DIY市場且經營自有品牌之電源與電腦週邊廠,電源供應器,5.66,7
8109,博大,-1.26,台灣專攻工業與通訊應用之利基型電源廠,電源供應器,8.22,96.9
8121,越峰,9.9,台聚旗下、台灣最大錳鋅系列鐵芯等電感類製造商,被動元件上游,21.3,72.1
8147,正淩,9.71,生產PC、工業及通信用的連接器廠商,連接器,4.17,70.3
8155,博智,-5.41,仁寶旗下工業及商業用PCB廠,印刷電路板,6.16,254.9
8182,加高,-5.32,日本大真空轉投資，為台灣石英元件製造商,石英元件,10.7,40
8289,泰藝,2.36,台灣專業石英振盪器製造商,振盪器,6.83,34.1
8291,尚茂,9.89,台灣利基型銅箔基板廠,銅箔基板,1.75,6.8
8358,金居,1.65,台灣前三大電解銅箔製造商,銅箔,25.26,1167
2347,聯強,5.11,亞太最大、全球前三大3C產品通路商,電腦通路商,166.79,1441.1
2414,精技,-2.04,台灣前三大資訊通路經營商,電腦通路商,16.17,77.5
2430,燦坤,-0.75,全台最大3C連鎖通路,3C通路商,11.68,23.1
3010,華立,1.87,大中華半導體前段製程材料與化學品最大供應商,電子元件代理商,25.94,352.8
3028,增你強,-5.39,台灣半導體元件代理通路商,IC零組件通路商,23.72,179.1
3033,威健,0.34,半導體零組件專業代理商,IC零組件通路商,48.53,211.5
3036,文曄,9.98,台灣前三大半導體IC通路商,IC零組件通路商,126.91,3347.1
3048,益登,6.13,全球第十大半導體代理商,IC零組件通路商,26.98,110.2
3055,蔚華科,9.65,半導體測試解決方案商,封測用設備,11.5,98.7
3209,全科,10,為專業通訊元件設計及通路商,IC零組件通路商,23.54,142.4
3312,弘憶股,6.59,IC通路商，主要代理數位通訊應用方案與元件,IC零組件通路商,18.26,81.3
3528,安馳,-9.34,台灣前5大IC通路商,IC零組件通路商,6.66,55
3702,大聯大,0.44,全球暨亞太區第一大的半導體零組件通路商,IC零組件通路商,168.23,1914.1
5434,崇越,1.89,日本信越晶圓產品在台代理商,半導體材料通路商,19.37,829
6189,豐藝,-1.63,國內專業的電子零組件經銷通路商,IC零組件通路商,26.46,127.1
6281,全國電,0.98,台灣知名家電與3C通路賣場,電器銷售,9.92,51.1
6776,展碁國際,-0.34,台灣第二大電子通路代理商,電腦通路商,9.16,53.2
8070,長華*,0.1,半導體封裝材料及設備通路商,半導體材料通路商,7.26,350.1
8072,陞泰,-2.61,從事安全監控系統及半導體代理業務,安全監控,8,22.4
8112,至上,-2.8,主要代理品牌以Samsung為主之IC通路商,IC零組件通路商,52.53,456
3224,三顧,-2.2,經營電子材料代理及再生醫療業務,電子元件代理商,7.82,33
3232,昱捷,0.24,主要代理日系的電子零組件通路商,IC零組件通路商,4.66,9.7
3360,尚立,3.56,代理影像感測元件和專注於網通設備和服務的企業,IC零組件通路商,7.64,11.1
3444,利機,0.22,國內半導體封測材料通路商,半導體材料通路商,4.5,40.1
6113,亞矽,-0.2,歐美半導體零件的專業代理商,IC零組件通路商,5.25,12.9
6118,建達,-1.71,3C電腦周邊產品代理通路商,電腦通路商,9.09,15.7
6154,順發,-1.16,台灣大型的3C量販零售通路商,3C通路商,8.01,10.3
6227,茂綸,2.49,日Macnica集團旗下電子通路大廠,IC零組件通路商,7.61,78.4
6265,方土昶,2.83,記憶體元件代理及保健食品銷售商,IC零組件通路商,11.82,53.7
6270,倍微,-1.27,半導體電子零組件代理及韌體服務,IC零組件通路商,7.21,19.7
6474,華豫寧,-3.75,主要代理MCU及電子鎖廠商,IC零組件通路商,5.25,20.2
8032,光菱,2.19,瑞薩、三菱等日系原廠產品在台代理商,IC零組件通路商,5.18,21.7
8067,志旭,-4.23,光電資訊產品及美妝商品之專業代理商,電腦通路商,2.07,2.6
8068,全達,1.08,大宇資旗下的IC零組件通路商,IC零組件通路商,8.08,19
8084,巨虹,-1.43,經營記憶體通路及餐飲、助聽器等產品,電子元件代理商,6.95,31.1
8096,擎亞,2.5,為韓國三星在台之主要合作夥伴,IC零組件通路商,14.93,146.8
2427,三商電,1.16,以金融、電訊與交通產業為主之系統整合商,系統整合,19.8,43.2
2453,凌群,0.37,以金融業為主的系統整合大廠,系統整合,10,54.8
2468,華經,-4.47,以數位影像處理為主的系統整合商,系統整合,7,23.9
2471,資通,-2.64,以金融業及製造業為主的系統整合廠商,系統整合,4.73,24.4
2480,敦陽科,1.01,台灣資訊系統整合服務大廠,系統整合,10.64,159
3029,零壹,0.81,台灣大型加值型網路代理商,軟體通路／代理,16.7,153.6
4994,傳奇,0.1,台灣知名遊戲開發商,PC遊戲,6.64,65.1
5203,訊連,-1.37,全球知名多媒體影音軟體公司,套裝軟體,7.94,51.3
6112,邁達特,-0.23,資訊應用軟硬體服務供應中介之加值型通路商,系統整合,18.84,54.1
6183,關貿,-0.76,台灣政務相關應用軟體業者,電商服務,15,138
6214,精誠,1.2,金融服務、科技整合及加值服務系統業者,系統整合,27.22,345.7
3147,大綜,1.12,電腦軟硬體設備代理銷售及系統整合商,系統整合,4.37,79.1
3158,嘉實,-0.22,金融資訊流整合系統及股市即時報價供應商,應用軟體,3.05,27.1
3570,大塚,5.41,工程繪圖CAD/CAM/CAE/CAID軟體代理商,軟體通路／代理,1.71,30
4953,緯軟,-2.07,緯創旗下，台灣大型資訊委外服務廠商,軟體業,7.31,86.7
5201,凱衛,0.49,以證券金融服務為主的系統整合商,系統整合,3.87,11.8
5202,力新,0,台灣影像處理軟體商,套裝軟體,8.91,11.6
5210,寶碩,-0.89,證券金融相關解決方案系統整合廠商,系統整合,8.22,22.8
5211,蒙恬,0.74,台灣手寫辨識軟硬體廠商,手寫板,3.2,6.5
5212,凌網,2.89,以知識管理為主的系統整合廠,系統整合,3.46,16.6
5310,天剛,0,金融系統整合廠,系統整合,2.89,7.5
5403,中菲,-0.32,金融與物流業系統整合、軟體服務之廠商,系統整合,7.82,72.4
5410,國眾,0.82,大眾控轉投資系統整合廠,系統整合,9.24,34.1
6123,上奇,-0.44,電腦軟硬體、OA產品及耗材代理商,軟體通路／代理,6.21,28.3
6140,訊達,-7.1,以金融、資訊、媒體、半導體產業為主的系統整合商,系統整合,5.49,11.9
6148,驊宏資,-4.43,金融及公共事業SI廠,系統整合,4.66,14.1
6221,晉泰,-3.94,電子商務系統整合廠商,系統整合,16.86,41.1
6231,系微,-1.86,NB及IA產品的BIOS廠商,BIOS,4.57,144.3
6240,松崗,0,專注協助企業數位服務與轉型領域,系統整合,2.29,4.2
6516,勤崴國際,0.17,中華電旗下台灣最大圖資公司,應用軟體,5.63,33
6590,普鴻,-0.14,台灣金融支付加解密解決方案最大供應商,系統整合,2.5,17.3
6593,台灣銘板,-0.57,專業信用卡製卡廠商,智慧卡相關,3.19,11.2
6697,東捷資訊,0,東元旗下ERP整合規劃廠,企業資源規劃,2.73,11.3
6751,智聯服務,-1.2,宏碁旗下IT規劃整合及服務廠,系統整合,2.22,11
6752,叡揚,0,企業e化應用軟體開發與服務廠,應用軟體,3.71,38.3
6791,虎門科技,1.67,CAE、CPC導入暨顧問諮詢服務廠,系統整合,2.08,25.4
6874,倍力,-8.99,資通轉投資之企業軟體代理及開發廠,軟體通路／代理,2.2,18.7
6884,海柏特,-1.45,宏碁旗下資訊產品售後服務提供商,商業服務／顧問,1.84,6.2
7767,仁大資訊,0,一站式全方位資訊服務系統整合廠商,系統整合,3.01,13.3
8099,大世科,-0.49,大同旗下資訊通信系統整合廠商,系統整合,10.01,61
8272,全景軟體,2.5,緯創旗下，專注身份認證的資訊安全軟體公司,資訊安全,1.9,14.8
8284,三竹,-0.16,金融服務軟體供應商,應用軟體,4.73,30.3
8416,實威,1.45,3D CAD/CAM/CAE/PDM軟硬體代理商,軟體通路／代理,2.82,49.4
2312,金寶,6.98,金寶集團旗下消費性電子代工廠,電子製造服務,150.58,450.1
2317,鴻海,0.8,全球最大EMS電子專業代工廠,電子製造服務,1402.86,35288.6
2354,鴻準,0.33,鴻海旗下散熱模組及鋁鎂合金廠,鎂鋁合金,141.45,871.3
2359,所羅門,2.51,電子零組件專業代理商,電子元件代理商,17.15,210.1
2360,致茂,5.83,全球知名的自動測試設備品牌大廠,量測儀器,42.52,10035.8
2373,震旦行,-0.7,台灣最大的辦公設備與辦公家俱通路商,辦公用品設備,23.62,133.2
2390,云辰,-0.85,從事智慧安防系統及智慧控制系統業務,安全監控,19.26,18.1
2404,漢唐,0.99,台積電最大的無塵室供應商,廠務工程,19.06,1953.5
2423,固緯,-7.31,台灣知名的電子量測儀器廠,量測儀器,14.5,88.3
2433,互盛電,-0.44,日本理光辦公事務機器之台灣代理商,事務機器,14.45,65.8
2459,敦吉,0,經營通路、製造、驗證三大事業群,電子元件代理商,10.56,70.4
2461,光群雷,-3.33,全球重要知名雷射全像材料整合供應商,電子其他,19.19,27.9
2464,盟立,-1.64,台灣工業自動化設備廠,面板設備,20.64,247.6
2474,可成,1.46,台灣知名的金屬機殼製造大廠,鎂鋁合金,56.14,1167.6
2477,美隆電,0.71,台灣最大音箱及揚聲器製造廠之一,音響設備及零件,15.86,33.5
2482,連宇,0.3,台灣讀卡機等電子支付交易設備廠,IC讀卡機,7.79,13
2488,漢平,1.16,台灣娛樂音訊產品ODM製造商,音響設備及零件,8,42
3018,隆銘綠能,5.42,台灣無塵室及工廠、住宅機電系統整合工程之大廠,廠務工程,7.54,4.2
3030,德律,1.93,電路板組裝檢測設備大廠,PCB相關設備,23.62,937.8
3043,科風,-0.98,不斷電系統和電力保護產品品牌廠商,UPS,3.9,7.9
3305,昇貿,1.74,半導體封裝材料之錫膏、錫球生產商,金、錫凸塊,14.46,169.2
3518,柏騰,2.78,為台灣第一家具備低溫真空濺鍍之專業廠商,機殼表面處理,10.36,36.1
3617,碩天,2.79,北美地區UPS市場前三大品牌之一,UPS,9.48,191.9
3665,貿聯-KY,5.64,Tesla電池線束主力供應商,連接線材,19.51,5667
4585,達明,3.79,全球第二大協作型機器人製造商,協作機器人,10.46,357.8
4588,玖鼎電力,-0.68,國內智慧電表大廠,儀表,4.3,25.1
5225,東科-KY,-1.34,全球最大影音揚聲器OEM製造商,音響設備及零件,7.91,58.1
6139,亞翔,-4.9,台灣無塵室及機電系統整合服務等製造商,廠務工程,23.56,1599.6
6192,巨路,3.23,程控儀錶與電子材料通路商,設備儀器商,9.62,123.1
6196,帆宣,3.66,專注於設備工程及耗材代理的廠商,廠務工程,22.03,936.4
6201,亞弘電,-1.28,音訊及小家電ODM大廠,音響設備及零件,8.92,44.6
6215,和椿,6.7,專業的自動化設備零組件、光電製程之工業製造商,自動化設備,8.28,98.9
6283,淳安,-2.14,鍵盤導電薄膜與車載鏡頭製造商,鍵盤,14.9,33.9
6409,旭隼,-6.94,台灣UPS及PV Inverter之ODM製造廠商,UPS,8.77,670.1
6438,迅得,0.29,主要為PCB相關之自動化設備供應商,PCB相關設備,8.22,140.6
6558,興能高,3.25,以穿載式應用為主的鋰電池廠商,消費用電池,9.38,26.1
6658,聯策,9.97,電路板外觀檢測領域知名企業,PCB相關設備,3.64,64.2
6691,洋基工程,-1.68,高科技廠房無塵室統包及節能工程服務商,廠務工程,12.15,781.2
6698,旭暉應材,-5.17,高精細金屬遮罩、微波及半導體零件生產商,其他電子零件,6.64,20.7
6722,輝創,-0.86,汽車電裝配備製造廠,倒車雷達,8.84,35.7
6743,安普新,0.5,音樂娛樂或電競用耳機製造商,耳機,15,44.9
6830,汎銓,-4.19,半導體材料分析服務龍頭,檢測驗證服務,5.34,390.4
8021,尖點,6.98,全球前三大PCB鑽針生產商之一,雷射鑽孔機、鑽頭,14.57,622.2
8201,無敵,0.39,英業達轉投資電子辭典公司,消費性電子產品,6.24,8
8499,鼎炫-KY,-1.06,電子衡器及EMI導電材料生產商,其他電子零件,4.12,114.9
1785,光洋科,-4.79,全球最大硬碟靶材供應商,其他半導體耗材,59.6,947.6
3067,全域,--,以Phonic為品牌行銷全球之專業音響廠商,音響設備及零件,2,3.5
3093,港建*,0.51,PCB、IC封裝及CD-R/DVD製程設備廠,PCB相關設備,3.63,86.4
3131,弘塑,5.1,酸槽設備在台市占率第一名,封測用設備,2.97,904.1
3219,倚強科,9.9,全球領先的消費電子及車電測試方案供應商,設備儀器商,7.18,53.8
3285,微端,-0.85,數位影音產品與LCD模組製造商,音響設備及零件,4.27,12.4
3289,宜特,3.42,台灣半導體驗證分析大廠,檢測驗證服務,8.67,157.4
3303,岱稜,0,全球前三大的燙金箔領導商,電子其他,9.41,48.9
3324,雙鴻,0.47,台灣前二大散熱模組廠商,筆記型電腦用散熱模組,9.31,995.9
3373,熱映,0,主營紅外線精密量測技術產品,體溫計,4.76,8
3402,漢科,0.36,專注於特殊氣體輸配工程設備廠商,廠務工程,7.3,101.9
3465,進泰電子,1.45,專業音響OEM/ODM製造商,音響設備及零件,3.53,9.9
3498,陽程,9.63,台灣PCB暨CCL、環境工程及物流等自動化設備廠,PCB相關設備,6.13,62.8
3508,位速,-4.55,手機外殼電鍍、濺鍍與塗裝之表面處理專業廠,機殼表面處理,10.43,21.9
3541,西柏,-0.43,台灣專業智慧型影音訊號產品製造商,視訊轉換相關,5.63,13
3552,同致,0.73,全球知名倒車雷達大廠,倒車雷達,9.79,53.9
3580,友威科,9.23,台灣真空設備與真空濺鍍供應商,設備儀器商,3.95,38.3
3587,閎康,9.87,以材料分析為主之專業獨立實驗室,檢測驗證服務,7.12,243.1
3628,盈正,-0.3,UPS設備製造商兼專案工程商,UPS,4.5,30.3
3663,鑫科,-5.83,屬中鋼集團之台灣前兩大濺鍍靶材廠,其他半導體耗材,10.85,73.7
4554,橙的,0.16,胎壓偵測器在北美市佔率達7%以上,胎壓監測系統,2.63,8
4577,達航科技,-1.76,台灣PCB鑽孔代工和設備廠商,雷射鑽孔機、鑽頭,4.91,68.5
4760,勤凱,-2.78,台灣被動元件、太陽能導電漿料大廠,被動元件上游,3.22,90
5452,佶優,4.51,全球塑膠粒及PCR環保塑膠原料整合平台商,電子元件代理商,14.88,50
5489,彩富,-1.11,台灣網路視訊安全監控系統專業代工廠,安全監控,10.27,41.1
5493,三聯,1.29,感測、監測系統整合服務商,量測儀器,4.37,37.8
5536,聖暉*,4.19,以無塵室工程為主，並跨足機電系統整合服務廠商,廠務工程,6.2,1111.8
6146,耕興,-1.84,國內最具規模之手機及網通專業認證實驗室,檢測驗證服務,10.19,217.5
6151,晉倫,5.26,台灣汽車複合材料供應商,複合材料,5.53,21.6
6512,啟發電,-0.52,專業影音訊號延長器、分配器及處理器廠商,視訊轉換相關,2.53,4.8
6613,朋億*,-2.04,聖暉旗下，經營半導體廠務設備製造,設備儀器商,3.89,187.1
6654,天正國際,1.45,專業的被動元件自動化生產設備商,設備儀器商,3.73,37.2
6667,信紘科,0.38,高科技廠務工程及製程設備領域之專業廠商,設備儀器商,4.93,129.4
6725,矽科宏晟,-0.92,化學藥品供應系統的領導商,設備儀器商,3.71,120.3
6735,美達科技,-1.19,半導體類比暨混合訊號IC測試設備知名廠商,IC檢測設備,4.62,57.7
6739,竹陞科技,8.68,半導體智能化系統整合廠,設備儀器商,2.34,336.9
6840,東研信超,1.69,電子設備及電子產品的測試技術服務商,檢測驗證服務,3.08,20.3
6855,數泓科,0.96,台灣數位手工具領導者,手工具,2.32,24.4
6877,鏵友益,-1.81,國內半導體及光電產業之檢測功能自動化設備供應商,IC檢測設備,4.7,76.6
6903,巨漢,-4.03,無塵室及機電空調之統包工程廠商,廠務工程,6.67,270
7703,銳澤,0.48,朋億旗下，高科技產業廠務及製程設備廠商,設備儀器商,3.47,73.1
7728,光焱科技,-2.38,光電子晶片(PIC)檢測大廠,IC檢測設備,1.39,108.2
7792,安葆,-2.02,提供能源運用規劃及電力系統規劃解決方案,重電設備,4.67,147.5
8047,星雲,-0.74,世界知名的電腦割字機製造大廠,設備儀器商,4.17,22.3
8085,福華,-1.22,大同集團旗下電子零組件廠,其他電子零件,14,17
8092,建暐,-0.55,IC封裝模具及量測儀器廠製造商,量測儀器,5.72,10.3
8183,精星,-1.71,專業電子製造服務(EMS)廠商,電子製造服務,12.13,38.4
8431,匯鑽科,0.33,亞太知名表面處理大廠,機殼表面處理,4.88,29.7
8455,大拓-KY,7.5,國內知名的電機、電子零組件代理經銷商,電子元件代理商,2.52,7
1316,上曜,2.23,上曜集團旗下豪宅品牌,營建,40.16,42.2
1436,華友聯,-0.31,主打首購族及換屋族市場的建商,營建,19.42,94.6
1438,三地開發,6.11,開發以台南及高雄地區為主力的建商,營建,11.12,24.1
1439,雋揚,-0.74,國揚集團旗下，著重開發危老及都更計畫,營建,9.2,24.5
1442,名軒,-0.74,麗寶集團旗下成員,營建,36.62,98.5
1453,大將,-0.43,主要經營營建開發及紡織買賣,營建,11.32,13.1
1456,怡華,3.17,元邦集團旗下，為綜合性紡織廠及營建商,營建,9.37,13.7
1472,三洋實業,-0.33,承建公共工程、商辦、住宅等營造工程,基礎建設,5.25,47.7
1805,寶徠,-4.19,知名建案「寶徠花園廣場」建商,營建,13.5,13.9
1808,潤隆,1.58,興富發集團旗下建商,營建,89.3,258.1
2442,新美齊,0.8,著重於高質感不動產開發,營建,32.52,61.1
2501,國建,-1.52,屬霖園集團之台灣老牌營建開發業者,營建,115.96,262.6
2504,國產,0.14,台灣知名預拌混凝土大廠,預拌混凝土,118,410.6
2505,國揚,-0.56,整合百貨、飯店、休閒、地產的營建商,營建,38,67.1
2506,太設,-1.03,多角化經營建設、百貨及休閒等事業,營建,38.7,33.5
2509,全坤建,-1.49,推案集中於大台北地區的建商,營建,22.46,29.6
2511,太子,0.13,統一集團旗下建商,營建,162.33,126.9
2515,中工,0.76,威京集團旗下，建築工程廠商,基礎建設,160.79,212.2
2516,新建,-1.14,主要承攬公共工程為主之營造廠商,基礎建設,22.63,29.5
2520,冠德,1.83,大台北地區的中大型建商,營建,60.95,186.5
2524,京城,-0.14,高雄地區知名建商,營建,36.6,134.7
2527,宏璟,-0.87,日月光旗下建商,營建,27.03,92.9
2528,皇普,0.22,以大台北地區推案為主的建商,營建,43.6,97.2
2530,華建,-1.4,推案集中於大台北地區的建商,營建,84.13,178.3
2534,宏盛,0,宏泰集團旗下建商，以仁愛帝寶豪宅推案而知名,營建,47.42,88.9
2535,達欣工,0.27,台灣主要甲級營造廠之一,住宅建設,27.08,201.5
2536,宏普,-0.73,推案集中於大台北地區之建商,營建,33.28,68.2
2537,聯上發,0,聯上集團旗下負責大台北及桃園地區推案的建商,營建,30.06,30.8
2538,基泰,-1.61,推案集中於大台北地區之建商,營建,44.5,43.6
2539,櫻花建,1.02,推案集中於大台中地區之建商,營建,119.31,474.3
2540,愛山林,0.39,甲山林旗下建商及代銷商,房屋代銷,94.49,486.6
2542,興富發,4.13,台灣前十大推案建商,營建,217.31,905.1
2543,皇昌,2.49,主要承攬公共工程之營造廠,基礎建設,52.85,228.6
2545,皇翔,0,推案集中於大台北地區建商，知名推案為皇翔御琚,營建,37.97,147.9
2546,根基,-0.23,冠德旗下，住宅及土木工程營造廠,住宅建設,13.05,111.2
2547,日勝生,-0.49,以政府開發案起家，橫跨建築、百貨及觀光的中型建商,營建,103.51,106.1
2548,華固,4.86,大台北地區中型建商，並轉向地上權開發,營建,31.97,414
2597,潤弘,2.56,潤泰集團旗下，營造廠商,住宅建設,31.07,497.1
2923,鼎固-KY,-1.42,日月光轉投資的房地產開發商,營建,174.03,484.7
3052,夆典,0.47,提供工程整合服務之廠商,營建,23.32,25
3056,富華新,1.12,推案集中於中部地區之建商,營建,48.06,65.1
3266,昇陽,-1.45,推案集中於大台北地區之建商,營建,35.23,47.7
3703,欣陸,0.24,由大陸建設換股成立之建設、營造控股公司,基礎建設,82.32,170.8
5515,建國,-3.38,建築統包工程服務商,住宅建設,20.16,77.8
5519,隆大,-0.45,綜合營造及住宅大樓開發商,營建,21.92,72.2
5521,工信,4.76,台灣前十大營造廠,基礎建設,49.23,59.6
5522,遠雄,3.86,以營建地產、休閒娛樂為核心的企業集團,營建,78.16,568.2
5525,順天,-0.43,台中地區建商,營建,31.81,74.4
5531,鄉林,-0.83,推案以中部地區為主之建商，並跨足觀光旅館經營,營建,97.76,82.1
5533,皇鼎,-0.36,主要於大台北地區推案的建商,營建,28.52,39.9
5534,長虹,1.28,以廠辦及住宅開發案為主之建商,營建,31.53,250.4
5546,永固-KY,-1.21,大陸重慶地區預拌混凝土領導廠商,預拌混凝土,8.24,13.5
6177,達麗,0.53,推案集中於林口、竹北、高雄等地，近年業務拓展至美國西雅圖,營建,47.19,222
9906,欣巴巴,0,高雄巴巴集團旗下建商,營建,9.04,32.7
9946,三發地產,2.79,全心投控轉投資公司，以都會區為主要開發標的,營建,32.66,54.2
2596,綠意,1.9,桃園及台北地區小型建商,營建,10,29.5
2718,全心投控,-1.2,由飯店業跨入不動產開發產業,營建,8.76,36.1
3188,鑫龍騰,-1.03,以開發南部不動產商品為主,營建,18.86,45.5
3489,森寶,1.13,森聯旗下，房地產開發商,住宅建設,9.05,20.3
3512,皇龍,0.74,從事營建事業及散熱片設計製造,營建,11.31,23
3521,台鋼建設,-3.28,從事營建及POS機系統業務,營建,14.58,19.3
4113,聯上,-0.67,聯上集團旗下負責南部推案的建商,營建,23.11,34.1
4416,三圓,-0.8,從事國民住宅興建及出租出售業務,營建,7.36,9.2
4907,富宇,5.91,富宇建設集團成員之一，針對竹科及中科週邊進行開發,營建,11.81,46.6
5206,坤悅,0.82,推案集中於台中地區之建商,營建,17.15,42
5213,亞昕,-0.39,推案集中於大台北地區之建商,營建,72.13,186.5
5324,士開,0.94,仰德集團旗下之建設、飯店業者,營建,22.64,24.2
5455,昇益,-4.26,從事不動產開發興建及不動產租賃業務,營建,6.55,16.2
5508,永信建,1.32,高雄建商，以成屋銷售為主,營建,21.74,108.2
5511,德昌,-1.41,商辦大樓、高科技廠房及公共工程等為營業項目之營造商,住宅建設,11.34,79.2
5512,力麒,-0.72,力麗集團旗下建商、環衛營造商,營建,76.63,53
5514,三豐,-2.25,以都市更新為主之建商,營建,23.61,35.9
5516,雙喜,1.87,承攬各項公共、建築及土木工程之營造廠,住宅建設,5.15,5.6
5520,力泰,-0.12,台灣預拌混凝土製造加工廠,預拌混凝土,6,48.6
5523,豐謙,0,嘉義地區建商,營建,15.5,47
5529,鉅陞,-0.23,推案集中於新竹地區之建商,營建,10.18,22.3
5543,桓鼎-KY,0.68,亞洲知名金屬龍骨生產廠商,金屬建材,4.67,13.8
5547,久舜,0.46,主要承攬住宅及廠辦及相關工程,住宅建設,4.53,9.9
5548,安倉,0,承攬政府公共工程的統包公司,基礎建設,5.78,13.6
6171,大城地產,--,大城建設入主的中部不動產開發商,營建,10,24.4
6186,新潤,-0.75,推案以台鐵、高鐵及捷運沿線為主之建商,營建,19.49,77.3
6198,瑞築,0,主打首購族市場的不動產開發公司,營建,17.14,37.2
6212,理銘,5.08,主力開發新竹地區的建商,營建,10.2,30.6
6219,富旺,-1.15,以台中為核心擴展至全省跨區經營的建商,營建,12.5,16.1
6264,富裔,0.16,入主德士通，以雙北及基隆地區為主的營建公司,營建,13.64,8.3
8080,泰霖,-2.38,營建剩餘土石方工程商,土石方工程商,6.72,19.3
8424,惠普,-0.13,台灣最大矽酸鈣板廠,複合板,3.61,26.7
2208,台船,-6.91,台灣第一大造船公司,造船業,127.45,234
2603,長榮,1.18,全球前七大貨櫃航商，且為台灣最大,貨櫃航運,216.5,4633.2
2605,新興,3.18,台灣前四大散裝船商,散裝航運,58.54,199.6
2606,裕民,0.46,台灣最大散裝航運公司之一,散裝航運,84.51,551.8
2607,榮運,1.04,長榮集團旗之內陸貨櫃運輸及倉儲服務業者,物流業,53.36,258.2
2608,嘉里大榮,-0.17,台灣大型物流貨運公司，港資嘉里物流為最大股東,物流業,46.7,139.9
2609,陽明,1.8,台灣第二大貨櫃海運公司,貨櫃航運,349.21,1774
2610,華航,3.23,台灣前兩大航空公司,空運,614.5,1165.1
2611,志信,2.24,多角化經營陸運、加油站、營建、飯店業務,陸運,18.9,25.9
2612,中航,-1.04,台灣散裝航運業者，且是具規模的貨櫃運輸業者,散裝航運,19.75,113.2
2613,中櫃,0.22,在台灣北、中、南擁有貨櫃集散場之公司,貨櫃場服務,14.84,33.2
2615,萬海,2.61,亞洲大型貨櫃輪航商,貨櫃航運,280.61,2202.8
2617,台航,-0.51,主營散裝航運，兼營客貨輪與特種船舶代營,散裝航運,41.73,122.1
2618,長榮航,0.56,台灣前兩大航空公司,空運,540.04,1936.1
2630,亞航,-9.52,台灣專業航空器修護公司,飛機維修,20.94,95.5
2633,台灣高鐵,0.75,台灣高速鐵路運輸服務公司,鐵路運輸,562.83,703.1
2634,漢翔,-5.79,台灣航太產業領導者,飛機零件／製造,94.19,444.6
2636,台驊控股,1.18,台灣第一家海運承攬上市公司，為物流控股公司,海空運承攬業,14.18,97.2
2637,慧洋-KY,-0.13,台灣具規模的散裝船隊船東之一,散裝航運,74.64,556.1
2642,宅配通,0.47,東元與日本通運合資成立的宅配服務業者,物流業,9.55,20.6
2645,長榮航太,-5.79,長榮航旗下，全球十大飛機維修公司之一,飛機維修,37.46,578.7
2646,星宇航空,-0.49,主要提供國際間客、貨運輸服務,空運,300.87,616.8
5607,遠雄港,-2.5,一家控股公司，並經營海、陸、空聯運之自由貿易港區,貨櫃場服務,37.06,187.5
5608,四維航,0,以輕型散裝船為主的散裝航運業者,散裝航運,38.93,59
6753,龍德造船,-9.31,台灣民營造船業者,造船業,11.73,154.2
6757,台灣虎航,-3.16,華航旗下的廉價航空公司,空運,45.95,253.7
8367,建新國際,-0.24,台灣從事貨櫃場服務之業者,貨櫃場服務,9.22,38.7
2641,正德,-0.28,以亞洲近洋航線為主力之散裝航運業者,散裝航運,33.03,59.5
2643,捷迅,-0.89,台灣承攬航空貨運、海運與報關業務之物流業者,海空運承攬業,3.5,23.4
5601,台聯櫃,-0.14,台灣經營貨櫃集散站之業者,貨櫃場服務,6.48,22.9
5603,陸海,0,從事內陸貨櫃運輸、裝卸及重機件運輸、吊裝業務之業者,陸運,10.49,16.6
5609,中菲行,0,台灣空運及海運貨運承攬商,海空運承攬業,14.29,113.7
7716,昱臺國際,-0.79,主要提供貨物之海運承攬服務,海空運承攬業,2.25,5.6
2701,萬企,0,經營商場租賃、電影院及遊樂場業務,物業投資發展,45,48.1
2702,華園,-4.79,位於高雄六合夜市及愛河中心點的國際觀光飯店,飯店,15.66,21.8
2704,國賓,0.71,知名飯店及米其林餐廳業者,飯店,36.69,157
2705,六福,0.94,集團旗下擁有遊樂園、渡假飯店及五星級飯店,飯店,19.13,29.9
2706,第一店,-1.2,位於台北市南京東路精華地帶之飯店,飯店,50,61.7
2707,晶華,0.59,國際五星級觀光飯店,飯店,12.74,218.5
2712,遠雄來,-2.3,遠雄旗下位於花蓮海洋公園旁之五星級飯店,飯店,10.5,17.9
2722,夏都,0,官田鋼轉投資，位於台灣墾丁之觀光渡假飯店,飯店,14.32,33.6
2723,美食-KY,1.8,以「85度C」為品牌之咖啡烘焙連鎖店,餐飲,18,122.4
2727,王品,0.21,連鎖餐飲集團，旗下擁有多個餐飲品牌,餐飲,8.29,194.9
2731,雄獅,0,台灣知名與規模最大的旅行社之一,旅行社,9.33,148.8
2739,寒舍,0.43,在台北經營管理五星級飯店及餐飲服務之業者,飯店,9.15,31.9
2748,雲品,-0.12,日月潭首家擁有天然溫泉的五星渡假飯店,飯店,10.58,42.4
2753,八方雲集,-0.55,台式連鎖餐飲集團，擁有八方雲集、梁社漢排骨,餐飲,6.66,119.6
5706,鳳凰,0.19,台灣首家上市旅行社，提供國內外全方位旅遊產品,旅行社,8.49,43.7
7705,三商餐飲,-2.79,三商旗下，經營多品牌連鎖餐飲服務,餐飲,6.61,20.7
7760,享溫馨,-0.58,主要從事庭園式KTV及餐飲業務,KTV,6.6,22.7
8940,新天地,-1.37,於台灣北中南部擁有多家大型婚宴會館業者,餐飲,6.75,12.2
9943,好樂迪,-0.88,台灣知名KTV業者,KTV,12.52,70.1
1259,安心,0,東元旗下，以摩斯為速食餐飲連鎖品牌,餐飲,3.24,18.6
1268,漢來美食,0.63,台灣知名餐飲集團，經營多元品牌,餐飲,4.22,67.3
2719,燦星旅,-0.76,台鋼集團旗下旅遊公司,旅行社,6.92,18.1
2726,雅茗-KY,-0.49,在大陸以快樂檸檬品牌知名的台商茶飲料業者,連鎖飲料,3.79,3.8
2729,瓦城,-0.6,泰式料理連鎖餐廳,餐飲,4.3,71
2732,六角,-1.79,在全球80個城市擁有門市據點的外帶式茶飲與甜品供應商,連鎖飲料,4.65,30.6
2734,易飛網,-1.27,聚焦於線上銷售服務的旅行社業者,旅行社,5.73,8.9
2736,富野,-0.4,台東縣知本溫泉區的知名溫泉飯店,飯店,8,10
2740,華軒,-2.38,旗下「點八餐飲集團」主營港式餐飲品牌,餐飲,1.68,6.5
2743,山富,-0.43,台灣知名旅行社之一,旅行社,4.68,32.6
2745,五福,0,來自高雄的國內前五大旅行社,旅行社,3.38,34.3
2751,王座,-2.35,六角旗下，代理與經營海內外餐飲品牌,餐飲,1.98,10.7
2752,豆府,-1.09,台灣規模最大韓式連鎖餐廳集團,餐飲,2.67,48.6
2754,亞洲藏壽司,-0.29,日式迴轉壽司連鎖店，擁有品牌「藏壽司」,餐飲,4.69,32.3
2755,揚秦,-1.85,連鎖.直營門市餐飲經營者，核心品牌「麥味登」,餐飲,3.74,49.7
2756,聯發國際,-6.39,茶飲連鎖店，核心品牌「歇腳亭」,連鎖飲料,2.46,15.1
3252,海灣,0,知名海邊渡假飯店,飯店,5.02,9.5
3522,御嵿,0.4,連鎖餐飲事業，擁有頂鮮餐廳及晶宴會館,餐飲,10.41,13.1
4419,皇家美食,5.75,經營漢堡王、潮港城二大餐飲品牌,餐飲,16.92,80.9
4530,宏易,0,主要經營餐飲燒烤餐館品牌,餐飲,3.58,9.1
5301,寶得利,2.03,主營餐飲與珠寶銷售經營,珠寶,6.59,5
5364,力麗店,-0.1,以力麗哲園為品牌之飯店經營業者,飯店,6.38,6.3
5701,劍湖山,-2.01,台灣中部地區遊樂園、百貨及飯店業者,主題樂園,14.3,4.9
5703,亞都,-0.36,位於台北中山區之5星級飯店,飯店,7.02,9.8
5704,老爺知,-0.23,老爺酒店集團旗下，位於台東知本之溫泉飯店,飯店,5.89,12.6
5905,南仁湖,9.88,高速公路休息站及海生館、小墾丁渡假村之經營業者,渡假山莊,28.16,24.8
6961,旅天下,-1.48,雄獅集團旗下之旅遊服務提供商,旅行社,2.68,16.1
7708,全家餐飲,0.22,全家旗下，從事連鎖餐飲服務,餐飲,2.55,23.5
7723,築間,-1.78,台灣知名火鍋與燒肉連鎖餐飲企業,餐飲,4.96,13.7
7757,金色三麥,-0.95,主要經營精釀啤酒釀造及餐廳,餐飲,2.41,25.2
8077,洛碁,0.76,以台北市為主的飯店經營業者,飯店,2.19,8.8
2801,彰銀,-0.24,台灣老牌銀行，為銀行界歷史悠久的三商銀之一,銀行,1176.6,2459.1
2812,台中銀,0,中纖為大股東之中小型商業銀行,銀行,602.16,1189.3
2816,旺旺保,0.49,台灣產險業第一家上市公司，後由旺旺集團入主,產險,22.36,68.3
2820,華票,1.48,台灣前三大票券商,票券,134.3,229.6
2832,台產,0,台灣歷史最悠久的中小型產險公司,產險,25.35,135.9
2834,臺企銀,-0.62,台灣六大泛公股銀行之一,銀行,971.81,1569.5
2836,高雄銀,-0.42,高雄市政府為大股東之區域型銀行,銀行,183.99,218
2838,聯邦銀,0.97,三重幫林榮三家族為大股東之民營銀行,銀行,434.06,900.7
2845,遠東銀,0,遠東集團旗下之中小型商業銀行,銀行,486.53,593.6
2849,安泰銀,-1.77,私募基金隆力集團入主的中小型銀行,銀行,195.76,208.2
2850,新產,2.64,新光集團旗下，為台灣前三大產險公司,產險,31.6,429.7
2851,中再保,1.28,長榮集團旗下，為台灣保險市場中唯一的本土再保險公司,再保險,80.04,252.5
2852,第一保,-0.19,台灣排名前十大的產險公司,產險,30.12,78.6
2855,統一證,9.25,為統一集團旗下券商，市佔排名前八大,證券,160.14,699.8
2867,三商壽,-0.13,台灣排名前七大的壽險公司，隸屬三商集團,壽險,589.95,461.3
2880,華南金,-0.15,以銀行為主體公營金控公司，為台灣銀行界歷史悠久的三商銀之一,金控,1391.7,4627.4
2881,富邦金,-1.24,台灣資產規模前二大的金控公司，旗下擁有台灣最大產險公司,金控,1400.74,13377
2882,國泰金,-2,台灣資產規模前二大金控公司，旗下擁有台灣最大壽險公司,金控,1466.92,11500.7
2883,凱基金,-0.44,以投資銀行業務為主之金控，並藉購併跨入證券與商業銀行領域,金控,1697.48,3870.3
2884,玉山金,-0.62,以玉山銀行為主體的金控公司,金控,1617.4,5224.2
2885,元大金,0,以證券為主體金控公司，旗下元大證券為台灣最大券商,金控,1333.11,7532.1
2886,兆豐金,-0.25,具有國營背景的金控公司，旗下銀行為台灣主要企業聯貸銀行,金控,1483.34,5948.2
2887,台新新光金,-1.47,以消費金融業務為主體之台灣金控公司,金控,2486.64,5831.2
2889,國票金,0.68,台灣唯一以票券業務為主體之金控公司,金控,363.36,536
2890,永豐金,-1.29,以銀行為主體的的大型金控，旗下另有證券、投信業務,金控,1449.23,4434.7
2891,中信金,-1.95,台灣資產規模前四大金控公司，旗下中信銀為最大信用卡發卡銀行,金控,1967.78,10881.8
2892,第一金,0.17,台灣前三大官股金控公司，旗下銀行為業界歷史悠久的三商銀之一,金控,1437.95,4249.1
2897,王道銀行,0.99,前身為台灣工業銀行，台灣第一家數位銀行,銀行,280.54,287.5
5876,上海商銀,2.44,唯一自大陸遷台復業的民營銀行,銀行,486.16,1937.3
5880,合庫金,-0.22,具有國營背景的金控公司，金融資產規模排名前六大,金控,1568.09,3606.6
6005,群益證,5.56,台灣證券經紀市佔排名前五大之獨立券商,證券,217.09,700.1
6024,群益期,0,群益金融集團旗下的期貨公司，台灣市場排名前三大,期貨,24.99,145.5
5864,致和證,5.16,總部位於台南之券商,證券,45.45,166.8
5878,台名,-0.12,台灣前三大之保險經紀公司,保險經紀,2.5,10.2
6015,宏遠證,4.64,三商壽轉投資的中小型券商,證券,39.32,66.4
6016,康和證,9.82,台灣綜合型證券商，其中期貨業務市占排名前十大,證券,68.66,165.1
6020,大展證,9.84,以大台北地區為營運的區域型券商,證券,25.24,59.2
6021,美好證,1.29,台灣一家綜合型券商,證券,31.22,110.6
6023,元大期,-0.5,台灣期貨龍頭企業，屬元大集團,期貨,32,318.4
6026,福邦證,-1.19,台灣小型綜合型上券商，以承銷及資產管理為重心,證券,39.62,65.8
6028,公勝保經,4.07,台灣首批成立的保險經紀公司,保險經紀,2.5,20.5
2601,益航,1.22,從事散裝航運，在大陸持有大洋百貨,百貨業,82.48,41
2901,欣欣,-0.85,位於台北市中山區精華地段之百貨業者，退撫會為最大股東,百貨業,7.3,17.1
2903,遠百,0.45,隸屬遠東集團，合併SOGO百貨成為台灣百貨業龍頭,百貨業,141.69,315.3
2905,三商,-2.2,轉投資子公司業務包含壽險、零售、餐飲、資訊服務、製藥等,控股公司,111.04,148.2
2906,高林,-0.4,為國內知名貿易商，並代理G2000等多項品牌服飾,貿易,20.91,25.8
2908,特力,0.24,海內外家居用品貿易商，擁有特力屋、HOLA零售品牌,家居相關用品通路,50.99,106.8
2910,統領,-2.41,由百貨公司跨足至營建之業者,百貨業,17.54,39.1
2911,麗嬰房,-2.74,台灣嬰幼童服飾第一大品牌,嬰童用品,10.51,5.2
2912,統一超,-1.94,經營7-11為台灣超商龍頭，隸屬統一集團,便利商店,103.96,2365.1
2913,農林,0.44,台灣茶葉產製銷一條龍企業,貿易,79,79.9
2915,潤泰全,0.92,潤泰集團旗下，經營紡織貿易、零售事業之控股公司,貿易,110.43,482
2929,淘帝-KY,-0.18,為中國大陸童裝前十大品牌廠,嬰童用品,10.95,6
2939,永邑-KY,0.41,生活應用產品開發供應商,貿易,4.55,11.3
2945,三商家購,-0.6,三商旗下社區型連鎖超市業者,連鎖超市,6.75,27.8
4807,日成-KY,9.98,泰國前三大珠寶ODM 及OEM廠商,珠寶,4.9,11.6
5906,台南-KY,1.27,代理FILA、Reebok品牌,成衣銷售／零售,3.57,17.1
5907,大洋-KY,-0.38,益航轉投資在大陸從事百貨零售之企業,百貨業,19.55,10.3
8429,金麗-KY,-1.38,大陸三、四線城市中低價品牌服飾與休閒鞋業者,製鞋業,18.57,12
8443,阿瘦,-0.85,台灣第一家掛牌的鞋業自有品牌業者,製鞋業,6.68,7.8
2616,山隆,-0.71,台灣知名加油站運營商,加油站,13.73,19.1
6505,台塑化,1.89,台灣最大的民營輕油裂解廠,煉油,952.6,5144
8926,台汽電,4.89,為一開發、投資、興建及營運汽電共生廠及民營電廠,汽電共生,83.03,427.6
9908,大台北,-0.34,主要經營台北市信義、松山等地區之天然氣業者,天然氣,51.64,151.6
9918,欣天然,-0.35,主要經營新北市中和、永和、新店、深坑之天然氣業者,天然氣,18.05,77
9926,新海,-0.3,主要經營新北市三重、板橋及新莊區之天然氣業者,天然氣,17.95,88.3
9931,欣高,-0.43,主要經營高雄市三民、左營等營業區之天然氣業者,天然氣,12.04,41.5
9937,全國,-0.88,台灣知名加油站經營商，站數逾百座,加油站,30.9,174.9
8908,欣雄,-1.02,主要經營高雄市鳳山、大寮等13區之天然氣業者,天然氣,31.53,122.3
8917,欣泰,-1.68,主要經營新北市樹林、土城等9區之天然氣業者,天然氣,16.27,85.7
8927,北基,-1.48,國內加油站經營商，擁有80個據點,加油站,42.35,85.6
8931,大汽電,0,設於大園工業區內之汽電共生公司,汽電共生,12.23,50.9
2072,世紀風電,-0.55,世紀鋼旗下，專注風電鋼結構領域,鋼構,19.2,344.6
3708,上緯投控,2.53,全球第二、亞洲最大環保耐蝕樹脂商,合成樹脂,9.21,118.2
5292,華懋,-1.33,VOCs揮發性有機廢氣防治處理設備工程服務商,環保工程,4.21,93.9
6581,鋼聯,-1.82,亞洲最大電弧爐集塵灰之鋅資源回收廠,回收焚化／掩埋清運,11.13,120.2
6641,基士德-KY,-0.52,大陸水處理環保設備與技術服務綜合服務商,幫浦,3.65,7
6806,森崴能源,-3.93,正崴集團旗下，能源工程及整合服務商,工程顧問,27.46,53.7
6869,雲豹能源,-0.46,再生能源一站式整合服務商,太陽能發電,13.78,119.8
6873,泓德能源,2.39,太陽能系統整合商,太陽能系統運用,14.26,134.2
6887,寶綠特-KY,-1.5,再生聚酯產業鍊資源與技術整合者,回收焚化／掩埋清運,7.42,29.2
6923,中台,-2.53,可寧衛轉投資之國內首家廢光源處理廠,回收焚化／掩埋清運,9.15,74
6944,兆聯實業,-4.25,台灣純水及廢水回收系統規劃設計之工程公司,污水處理,7.67,707.8
6994,富威電力,-0.16,森崴能源旗下綠電交易平台,電力公共事業,7.42,47.7
7786,東方風能,0,經營離岸風力發電相關工程,海洋工程設備,17.6,244.6
8341,日友,0.4,潤泰新轉投資之台灣最大醫療廢棄物處理廠商之一,回收焚化／掩埋清運,13,98.9
8422,可寧衛*,0.18,台灣最大重金屬廢棄物固化處理廠,回收焚化／掩埋清運,13.58,317.7
8438,昶昕,9.91,台灣主要PCB廢液處理商，市佔超過8成,回收焚化／掩埋清運,6.99,69
8473,山林水,-1.16,力麒旗下水處理工程公司,環保工程,18.12,62
8476,台境*,-0.29,專注發展土壤、地下水領域的環保工程服務商,環保工程,8.31,28.4
9930,中聯資源,-0.29,主營採用中鋼爐石粉製造高強度水泥,高爐水泥,24.85,173.5
9955,佳龍,0.84,台灣一貫化電子廢棄物處理廠,回收焚化／掩埋清運,10.44,31.4
3073,天方能源,-5.17,從事太陽能發電、風力發電、儲能等再生能源業務,太陽能發電,3.95,8.3
3551,世禾,3.81,精密洗淨及再生處理加工的龍頭廠商,設備儀器商,6.23,135.8
3713,新晶投控,3.65,太陽能統包工程廠，從事太陽能電廠之投資開發、建置及維運,太陽能系統運用,8.81,12.5
5205,中茂,0.87,廢水及廢棄物處理工程商,污水處理,1.35,3.1
5432,新門,3.74,所羅門子公司，液晶顯示模組與太陽能系統組件廠,PV Inverter,2.07,31.5
6624,萬年清,-2.6,從事工業用水與廢水處理之統包工程,污水處理,2.26,11
6692,進能服,-0.32,一體化太陽光電發電系統服務商,太陽能系統運用,5.88,18.4
6803,崑鼎,-0.86,中鼎集團旗下，台灣知名廢棄物處理、焚化爐營運商,回收焚化／掩埋清運,7.28,208.9
6894,衛司特,-3.41,聖暉轉投資PCB製程應用電解設備及耗材廠,水資源設備／耗材,2.38,80.8
6971,惠民實業,-1.54,從事污廢水處理操作維護、工程承攬之業者,污水處理,3.87,11.2
7715,裕山,1.06,基士德轉投資之土壤及地下水污染整治工程服務商,環保工程,3.27,9.3
7820,立盈,6.38,氟化鈣污泥處理及人造螢石銷售商,回收焚化／掩埋清運,3.78,56.7
7842,天能綠電,16.2,雲豹能源旗下全方位能源永續解決方案服務公司,電力公共事業,1.83,22.9
8087,麗升能源,3.03,從事太陽能、風電等再生能源電廠投資與建置業務,太陽能發電,3.87,13.1
8171,天宇,1.48,專攻電池模組與電源管理模組之廠商,工業用電池,11.29,27.1
8390,金益鼎,9.99,台灣清運處理固體電子廢棄物業者,回收焚化／掩埋清運,9.61,99.5
8423,保綠-KY,0.28,馬來西亞最大的再生膠、膠粉及膠粒製造商,合成橡膠,4.17,7.5
8440,綠電,2.48,台灣最大的廢家電及廢資訊物品回收業者,回收焚化／掩埋清運,5.03,10.4
3130,一零四,0,台灣人力資源網站第一品牌,人力資源,3.32,73.7
6165,浪凡,-0.38,主要經營「浪LIVE」直播平台,串流媒體,7.78,40.3
6614,資拓宏宇,-0.12,中華電信轉投資，資訊系統建置與整合服務公司,系統整合,8.07,33
6689,伊雲谷,0.86,台灣雲端託管服務龍頭廠商,雲端科技,6.8,47.7
6902,GOGOLOOK,-0.49,全球數位防詐及風險管理服務商,應用軟體,3.54,36.2
6906,現觀科,3.25,專注與電信業者合作提供數據分析平台領域,應用軟體,3.35,23.4
7721,微程式,9.99,IOT科技服務及電子支付設備供應商,系統整合,5.54,39.9
7722,LINEPAY,-1.25,台灣行動支付領導品牌,電子支付,6.8,188.4
7765,中華資安,2.46,中華電信轉投資，資安專業服務公司,資訊安全,4.07,101.5
8454,富邦媒,-1.02,台灣網路購物龍頭平台,電商平台,26.5,514.1
2640,大車隊,-1.77,台灣計程車車隊龍頭企業,客運,5.93,98.7
2949,欣新網,2.1,台灣電商營運服務商,電商服務,3.06,16.4
3085,新零售,9.75,台灣鋼鐵集團旗下電商公司,電商平台,6.9,8.9
3687,歐買尬,-1.07,第三方金流服務及遊戲代理商,電子支付,3.01,19.5
5278,尚凡*,-1.74,台灣知名交友社群媒體服務商,社群網站與媒體,3,67.8
5287,數字,-0.98,電商平台包含寶物、房屋、汽車交易及人力資源,電商平台,6.03,91.1
5321,美而快,-0.67,台灣服飾電商業者,電商平台,5.32,11.9
6690,安碁資訊,-1.18,宏碁旗下資訊安全管理服務廠,資訊安全,3,50.4
6741,91APP*-KY,0.46,台灣知名虛實融合(OMO)新零售服務商,電商服務,6.03,79.5
6763,綠界科技*,-0.84,歐買尬旗下第三方支付平台,電子支付,1.84,86.6
6811,宏碁資訊,1.19,宏碁旗下，企業數位轉型服務供應商,系統整合,4.14,88.1
6865,偉康科技,-0.56,金融業數位轉型解決方案供應商,應用軟體,1.58,5.6
6870,騰雲,1.06,台灣專業零售業一站式解決方案提供商,電商服務,2.34,44.4
6910,德鴻,-1.22,專注數位轉型、智能語音辨識、客戶心聲領域,系統整合,3.05,8.7
6925,意藍,-0.47,提供AI與大數據技術之智能數據服務提供商,應用軟體,2,12.8
6997,博弘,6.37,隸屬遠東集團，遠傳旗下之一站式雲端服務供應商,雲端科技,2.21,16.6
7547,碩網,-2.33,金融業聊天機器人平台研發廠,應用軟體,3.37,23.9
7714,創泓科技,-1.52,網路資安軟硬體代理商,資訊安全,2.1,27.2
7738,東聯互動,1.71,為外籍工作者提供小額跨境匯兌服務,金融其他,2.74,48.8
7747,昕奇雲端,0,上奇轉投資雲端服務及網通資安公司,雲端科技,2.74,35.9
7805,威聯通,2.23,台灣知名網路儲存裝置(NAS)製造商,儲存設備,3.31,242.5
8044,網家,5.65,台灣知名電商平台企業,電商平台,20.48,50
8472,夠麻吉,1.75,台灣最大吃喝玩樂票券平台「GOMAJI」,電商平台,1.77,12.4
8477,創業家,9.89,主要經營「生活市集」電商平台,電商平台,6.42,9.6
1432,大魯閣,-0.59,經營型娛樂購物中心事業,大型遊樂場,10.8,15.1
1598,岱宇,-1.8,全球前三大家用健身器材廠商,健身器材,17.91,39.1
1736,喬山,-0.8,全球最大商用健身器材、前三大家用健身器材廠商,健身器材,30.34,376.2
2762,世界健身-KY,1.89,主要經營會員制連鎖健身中心,連鎖健身房,11.25,84.8
4536,拓凱,0.33,全球知名碳纖維網球拍生產商,複合材料,9.08,137.6
5306,桂盟,-0.12,全球最大的鏈條製造商,自行車零件,12.6,101.8
6670,復盛應用,3.35,全球最大之高爾夫球桿頭製造商,高爾夫球桿頭,13.94,365.9
6768,志強-KY,5.14,足球鞋代工製造龍頭大廠,鞋材,20.01,184.1
6890,來億-KY,4.55,專為國際品牌代工製造鞋廠,鞋材,24.94,401.5
6965,中傑-KY,0.59,國際品牌代工製鞋廠,鞋材,15.63,133.2
8462,柏文,-0.34,台灣連鎖健身俱樂部業者,連鎖健身房,8.04,117
8467,波力-KY,1.92,全球最大碳纖維冰上曲棍球桿製造廠,複合材料,4.84,64.3
8478,東哥遊艇,-3.55,亞洲地區唯一擁有自有品牌之遊艇製造商,遊艇製造,9.4,153.2
9802,鈺齊-KY,3.36,主要從事各種功能鞋款代工研發的廠商,鞋材,20.1,167
9904,寶成,-0.39,全球運動鞋及休閒鞋代工龍頭,鞋材,294.68,760.3
9910,豐泰,0.81,全球知名運動鞋代工廠,鞋材,98.75,734.7
9914,美利達,3.23,台灣第二大自行車生產廠商,自行車,29.9,171.9
9921,巨大,5.76,全球最大自行車生產廠商,自行車,39.21,273.7
1593,祺驊,5.18,台灣運動器材零組件製造商,工業馬達,3.98,12.9
5348,正能量智能,0.67,主要從事GPS智慧手錶、模組與軌跡紀錄器,智慧手錶,1.48,2.2
6804,明係,-3.22,台灣自行車OEM/ODM公司,自行車,4.75,7.1
7811,民盛,-0.37,復盛應用轉投資運動功能性鞋及護具製造商,製鞋業,3.34,27
8924,大田,0.47,全球前四大高爾夫球桿頭代工廠之一,高爾夫球桿頭,8.38,53.6
8928,鉅明,0,全球前四大高爾夫球桿頭代工廠之一,高爾夫球桿頭,5.09,10.8
8933,愛地雅,-1.02,台灣第三大自行車生產廠商,自行車,32.67,19
8938,明安,-1.25,全球前四大高爾夫球桿頭代工廠之一,高爾夫球桿頭,15.7,86.8
9960,邁達康,1.3,台灣最大的高爾夫球銷售網站,球具,3.36,11.7
2062,橋椿,-0.25,全球最大鋅合金水龍頭零組件廠,水龍頭,20,40.5
3557,嘉威,-6.62,家居餐飲用品生產及銷售商,餐具,8.43,23.2
6671,三能-KY,-1.16,專業烘培器具製造商,傳產其他,6.08,18
6754,匯僑設計,-1.63,主要從事建築室內設計及裝潢裝修工程,設計裝潢,6.6,29.8
6807,峰源-KY,-0.99,室內傢俱研發生產銷售商,傢俱,5.4,18.9
8464,億豐,-2.33,全球窗簾製造大廠,窗簾,29.3,981.6
8482,商億-KY,-2,主要出口至北美的高端室內傢俱製造商,傢俱,10.74,52.6
9911,櫻花,1.2,台灣最大系統廚具連鎖通路品牌,廚衛電,22.24,187.3
9924,福興,-1.04,亞洲最大，全球第二大門鎖廠商,鎖,15.08,64.6
9934,成霖,6.58,亞洲最大水龍頭專業製造廠商,水龍頭,41.1,40.6
9935,慶豐富,0.55,台灣第一大窗簾傢飾廠,窗簾,17.78,32.6
2916,滿心,0.45,台灣前二大代理知名品牌服飾廠商,成衣銷售／零售,6.46,28.9
2924,宏太-KY,--,以「黃色小鴨」品牌在兩岸經營嬰童產品,嬰童用品,5.2,10.4
2937,集雅社,2.07,百貨家電龍頭通路商,電器銷售,4.35,19.3
2941,米斯特,-0.33,台灣服飾品牌OMO零售商,成衣銷售／零售,1.54,4.6
2947,振宇五金,-0.38,大型五金修繕專業賣場,量販店、大賣場,2.15,16.9
2948,寶陞,0,代理及自有地板品牌及室內建材銷售商,家居相關用品通路,3.1,11.8
3171,炎洲流通,5.63,炎洲集團旗下的包材通路商,塑膠加工,3.31,22.4
4609,唐鋒,0.19,以外銷小家電產品為主的廠商,小家電,4.79,2.5
4702,中美實,2.07,台灣分散性化學染料商並跨足汽車貿易業,汽車銷售,7.23,7.1
5902,德記,0.53,統一集團旗下貿易商，擁有自有品牌「開喜」系列茶飲,貿易,9.45,36.1
5903,全家,0,台灣第二大連鎖便利商店,便利商店,22.32,423
5904,寶雅,-2.04,台灣美妝及生活用品百貨龍頭,家居相關用品通路,10.64,614.2
6195,詩肯,-1.05,台灣連鎖品牌家具之零售通路龍頭,家居相關用品通路,5.02,11.8
6616,特昇-KY,-0.3,馬來西亞前五大木製寢室傢俱公司,傢俱,3.55,3.5
6629,泰金-KY,1.68,泰國家飾鑄件大廠,金屬加工／製品,3.84,46.4
6728,上洋,-0.43,商用洗衣設備與家電產品代理商,電器銷售,3.01,34.5
6968,萬達寵物,3.75,寵物食用品及寵物美容服務供應商,寵物用品,4.94,21.9
7782,光速火箭,-1.28,專注自有香氛品牌、電商平台領域,美妝保養品,2.32,6.3
7794,宏碁智新,-1.92,宏碁旗下智慧空氣品質解決方案服務商,小家電,2.8,8.6
8066,來思達,0.3,擁有自有品牌之B2B傢俱商，為美國進口傢俱前五名廠商,傢俱,3.66,6.2
8433,弘帆,0.55,全方位女性與孩童配件飾品供應商，產品外銷歐美為主,貿易,5.45,29.7
8941,關中,0.68,以生產烤肉爐、節能熱水器為主製造商,烤肉架,3.5,15.6
1342,八貫,1.38,台灣機能性皮布料及薄膜製造商,塑膠皮布,7.8,74.5
1416,廣豐,0,專注金融業應用系統開發,應用軟體,18.53,20.9
1437,勤益控,-0.86,投資控股公司，從事地產、紡織貿易及投資事業,物業投資發展,20.19,58
1443,立益物流,2.99,從事物流倉儲服務及經營房地產,倉儲服務,13.53,37.4
1516,川飛,0.23,從事電子零組件買賣，並跨足電動車電池導電柄,車用鋰電池,4,8.7
2348,海悅,0.14,台灣房屋代銷龍頭業者,房屋代銷,15.19,107.8
2496,卓越,0.46,為補教教育服務商，旗下擁有陳立補習班,教育事業,1.91,12.6
2514,龍邦,0.38,中部地區首家上市建商,住宅建設,39.47,52.5
2614,東森,-0.5,主要從事寵物用品通路、新聞網站、倉儲業務,寵物用品,32.73,65.5
2904,匯僑,-1.26,台灣專業的石化倉儲廠,油品儲運／分銷,7.78,12.2
3040,遠見,-2.2,從事品牌授權、物業租賃及加值型服務,物業投資發展,6.62,26.5
5284,jpp-KY,1.94,客製化精密金屬機構件供應商,模具沖壓,5.29,194.1
5871,中租-KY,-0.44,台灣租賃業龍頭公司,租賃,171.14,1916.8
6184,大豐電,0,新北市最大有線電視公司,有線電視,16.21,73.9
6464,台數科,0.39,台灣唯一由本土有線電視業者成立的多系統經營者,有線電視,12.88,98.5
6504,南六,2.39,亞洲最大的水針不織布廠商之一,不織布,7.26,29.6
6585,鼎基,-0.43,全球前三大TPU產品生產商,PU樹脂,7.21,67.5
6592,和潤企業,0.33,和泰旗下車輛融資及租賃公司,汽車融資,62.32,379.5
6625,必應,-0.81,台灣最大的娛樂影音活動製作公司,影音娛樂,5.8,42.6
6655,科定,0,主要從事木製板材之製造商,木地板,8.06,111.6
6901,鑽石投資,8.08,台灣大型永續型生技創投公司,資產管理,85.29,119.8
6914,阜爾運通,0.69,主要從事停車場自動化設備製造及銷售、停車場收費及管理服務,停車場,6.62,96.7
6952,大武山,-1.33,台灣前三大雞蛋供應商之一,蛋業,6.83,25.3
6957,裕慶-KY,-0.31,商用展示架及電動床機構件研發商,金屬加工／製品,5.55,88.3
6958,日盛台駿,-0.26,台灣第四大租賃業公司,租賃,40.33,76.6
8033,雷虎,-9.43,全球前五大遙控模型玩具廠,玩具,15.26,219.8
8404,百和興業-KY,0.29,全球最大黏扣帶製造商,黏扣帶,41.99,72.2
8411,福貞-KY,0,大陸專業金屬包裝產品供應大廠,鋁罐,21.84,26.8
8442,威宏-KY,0,為全球知名運動用品及精品包袋代工製造商,手提箱,7.02,35.4
8463,潤泰材,-0.45,潤泰集團旗下水泥及預拌式泥作材料大廠,水泥,15,33.1
8466,美吉吉-KY,-0.32,全球知名塑膠地磚製造廠商,複合板,7.98,12.4
8481,政伸,-0.61,全球最大自行車貼標印刷公司,印刷業,6.66,27.1
8488,吉源-KY,-0.99,台商金屬飲料包材大廠,鋁罐,7.35,7.3
9902,台火,1.44,進口轎車、垃圾車、建材貿易商，亦從事小客車租賃及建營開發,貿易,9.8,13.8
9905,大華,0,台灣最大食品飲料綜合包裝容器廠,鋁罐,30.5,65
9907,統一實,-0.58,台灣馬口鐵第一大廠,馬口鐵罐,157.91,268.5
9917,中保科,-0.88,台灣最大的保全業者,保全業,45.12,509.9
9919,康那香,0.69,為國內衛生棉及化妝棉、濕紙巾之製造龍頭企業,不織布,19.54,28.6
9925,新保,-0.25,台灣第二大保全業者,保全業,38.75,156.2
9927,泰銘,-1.16,亞洲最大合金鉛製造廠商之一,鉛,12,82.1
9928,中視,0.28,台灣五家無線電視台之一,無線電視,7.07,12.5
9929,秋雨,-3.61,台灣第一家股票上市之印刷業者,印刷業,10.13,12.2
9933,中鼎,-0.95,台灣最大統包工程公司,工程顧問,94.55,328.2
9938,百和,1,全球最大黏扣帶製造商,黏扣帶,29.8,134.8
9939,宏全,7.62,台灣最大的飲料包材及飲料代工製造商,寶特瓶,29.58,354.9
9940,信義,-2.04,台灣主要房仲業者,房屋仲介,73.68,141.5
9941,裕融,-0.66,裕隆集團旗下汽車融資業者,汽車融資,57.56,432.9
9942,茂順,-0.82,台灣第一大、全球前五大密封元件製造商,油封,8.32,100.2
9944,新麗,3.64,東南亞最大的樹脂棉製造商之一,不織布,10.59,18.1
9945,潤泰新,0.85,潤泰集團旗下建商,營建,284.42,671.2
1584,精剛,1.49,台灣鋼鐵集團旗下合金鋼廠,合金鋼,23.25,47.4
2221,大甲,5.85,台灣最大不鏽鋼管配件製造商,不鏽鋼品,4.23,16.1
2724,藝舍-KY,-0.71,轉型為不動產代銷服務商,房屋代銷,5.97,8.4
3284,太普高,-1.41,台灣最大預塗式感光平版(PS版)廠,印刷業,10.85,18.9
3313,斐成,-2.56,上曜集團旗下以危老都更為主的建商,營建,22.11,25.2
4154,樂威科-KY,-7.32,精品皮件之金屬配件製造商,金屬加工／製品,3.84,4.4
4430,耀億,-1.17,全球第一大之網球拍線製造商,尼龍絲,5.63,9.5
4529,淳紳,-7.22,電動車代工製造商,電動車,8.45,3.8
4541,晟田,-4.69,台灣唯一生產飛機起落架零組件廠商,飛機零件／製造,6.76,30.9
4556,旭然,7.68,台灣最大的工業過濾設備製造商,水資源設備／耗材,4.23,19.3
5209,新鼎,0.3,中鼎旗下石化、煉油廠、交通機電等資訊系統工程SI廠,系統整合,2.86,47
5276,達輝-KY,0.26,奐鑫集團旗下嬰幼童產品及機車零組件廠,機車零組件,3.95,7.7
5314,世紀*,-2.02,上曜集團旗下，轉型多元化業務經營,食品生技,1.46,212
5345,馥鴻,0.46,全方位電源整合控制系統製造商,工業用電池,3.78,8.3
5398,慕康生醫,0,醫藥生技通路商，並推出保健食品及跨入健檢業務,醫藥流通,4.95,9.9
5450,南良,-3.05,主要經營特殊紡織品、高彈性發泡材料及電源供應器,紡織中游,12.24,15.5
5481,新華,0,主要經營「芝麻街」連鎖美語補習班及國高中補習服務,教育事業,7.14,14.7
5530,龍巖,-0.33,台灣殯葬產業龍頭,殯葬服務,42.01,189.5
5604,中連,-0.32,從事工業用不動產租賃業務,物業投資發展,10.88,34.2
6179,亞通,4.22,海外以菲律賓為主，從事能源工程相關業務,工程顧問,17.73,43.8
6199,天品,4.69,專營基督徒塔位銷售及殯葬服務,殯葬服務,6.18,62.1
6236,中湛,--,台灣從事基因檢測及資訊安全服務公司,資訊安全,4.17,7.9
6721,信實,-0.17,主要為國內運輸機構及公家機關提供清潔、機電及保全服務,保全業,2.25,12.9
6881,潤德,0.93,潤泰材旗下室內裝修設計公司,設計裝潢,1.5,40.9
6904,伯鑫,0,國內活動扳手之專業領導製造廠,手工具,1.85,21.5
7777,能率亞洲,0,台灣第二家掛牌的永續型創業投資公司,資產管理,18.25,52.5
8342,益張,0.46,台灣最大商用金屬展示架製造商,傢俱,3.35,29.5
8354,冠好,3.59,特殊商標專業製造廠，有粘標籤、自粘膠帶等,膠帶,7.85,12.4
8401,白紗科,0,台灣合版印刷龍頭,印刷業,7.07,17.1
8421,旭源,0.73,飲料標籤及生產設備製造商,印刷業,5.48,7.5
8426,紅木-KY,0,國際精品的裝潢承包商,設計裝潢,5.02,11.4
8435,鉅邁,-0.54,台灣前三大工業水處理藥劑公司,其他化工產品,3.52,19.6
8437,大地-KY,-2.94,大陸知名幼教品牌，提供幼教諮詢服務,教育事業,4.7,5.4
8444,綠河-KY,6.72,泰國塑合板與橡膠木實木板材產銷商,複合板,11.12,7.9
8489,三貝德,0.81,致力於K12數位教學及品牌代理授權業者,教育事業,5.99,15
8905,裕國,-9.84,主要從事肉品、冷凍冷藏倉儲、營建業務,肉品加工,11.94,39.4
8906,花王,-1.96,知名一貫化印製作業廠,印刷業,4.4,11
8916,光隆,-0.84,國內知名的羽絨原料加工及寢具製造商,成衣製造,15.04,71.1
8921,沈氏,--,永豐餘集團轉投資之印刷廠,印刷業,4.66,8.4
8929,富堡,-1.71,主要生產不織布及成人紙尿褲產品,不織布,5.06,7.3
8932,智通*,0,台灣最大拉鍊製造商,拉鍊,8.95,331.1
8935,邦泰,-2.16,台灣鞋材及複合材料研發生產大廠,複合材料,11.35,20.5
8936,國統,-2.69,專營輸水管材之製造與承包公司，並兼營海水淡化業務,水泥製品,24.81,125.5
8937,合騏*,1.02,自創品牌「ADLY」多功能休閒車專業製造廠商,沙灘車,10.79,148.9
8942,森鉅,2.71,台灣最大鋁塑複合板製造商,複合板,19.88,90.3
2926,誠品生活,-0.54,誠品集團旗下百貨通路及餐旅業者,百貨業,4.74,17.5
3064,泰偉,-0.72,台灣博奕遊戲與博奕機台公司,PC遊戲,1.3,2.7
3083,網龍,-0.37,智冠轉投資線上遊戲開發商,PC遊戲,8.65,23.2
3086,華義*,0.38,台灣知名遊戲軟體業者,PC遊戲,2.73,109.2
3293,鈊象,-0.54,台灣商用遊戲機與網路遊戲大廠,PC遊戲,28.18,2060
3546,宇峻,0.59,台灣知名線上遊戲開發商,PC遊戲,5.84,39.7
3629,地心引力,8.13,主要從事整合行銷公關服務,廣告,3.3,5.9
4806,桂田文創,4.29,台灣第一家掛牌電視劇製作公司,影音娛樂,9.99,10.9
4946,辣椒,-1.4,台灣知名休閒遊戲運營商,PC遊戲,0.89,9.3
5263,智崴,0.48,台灣最大體感遊戲設備商,商用遊戲機,7.39,76.9
5478,智冠,0,台灣最大遊戲公司，橫跨研發、營運和通路行銷等業務,PC遊戲,15.61,150.3
6101,寬魚國際,-1.28,從事流行音樂商演、活動賽事舉辦等業務,影音娛樂,11.47,44.4
6111,光聚晶電,-1.24,集團橫跨半導體、資安、重電、遊戲、餐飲、電子支付等領域,控股公司,10.91,52.2
6144,得利影,4.9,代理知名美國片商DVD及BD在台發行之公司,文化創意產業,3.83,5.7
6169,昱泉,-1.81,台灣網路遊戲研發及代理商,PC遊戲,2.34,3.8
6180,橘子,0.38,台灣遊戲軟體開發與營運知名企業,PC遊戲,17.55,69.1
6294,智基,0.79,主要經營公職補習「志光」及升學補習「超級考試王」,教育事業,2.6,8.3
6482,弘煜科,-2.17,智冠、宇峻轉投資的網頁及手機遊戲廠,PC遊戲,2.86,8.4
6542,隆中,-1.15,台灣手機遊戲開發及代理商,手機遊戲,4.2,19.8
6596,寬宏藝術,5.58,從事國內外演唱會、藝文活動之主辦與代理,文化創意產業,3.8,39.5
6856,鑫傳,0.2,台數科轉投資衛星電視台、節目製作、電視購物公司,有線電視,2.82,14.4
7584,樂意,-1.35,台灣知名遊戲代理營運商,PC遊戲,1.65,5.4
8446,華研,0.6,亞洲跨國唱片製作及歌手經紀人公司,演出經紀,5.29,44.6
8450,霹靂,0,台灣布袋戲文創業者,文化創意產業,5.13,8.2
8923,時報,--,台灣大型出版社之一,出版業,3.04,5.8
9949,琉園,-2.04,以「tittot琉園」為品牌之水晶玻璃藝術品業者,工藝品,4.49,10.6
1240,茂生農經,0,家禽家畜飼料、大宗原料供應商,飼料,4.42,26.1
4171,瑞基,0,全球最大蝦類白點病毒檢測試劑廠,農業生技,5.81,10.8
6508,惠光,-0.2,台灣第二大農藥及全球第三大地工膜廠商,農藥,8.65,21.2
6578,達邦蛋白,-2.32,亞洲唯一具有微生物醱酵技術的飼料廠商,農業生技,7.19,10.6
